KNN
Confusion Matrix:
 [[21 19]
 [20 59]]

Type-1 Error Instance:
[array([0.06191173, 0.000105  , 0.03764903, 0.        , 0.        ,
       0.000523  , 0.000105  , 0.        , 0.00888935, 0.00888935,
       0.        , 0.        , 0.        , 0.000523  , 0.02740013,
       0.05825141, 0.00533361, 0.00428781, 0.00815729, 0.00962142,
       0.00156871, 0.00533361, 0.00491529, 0.00397406, 0.000941  ,
       0.00104581, 0.00899393, 0.000732  , 0.04402845, 0.01903367,
       0.04402845, 0.        , 0.        , 0.01830161, 0.000627  ,
       0.000732  , 0.02750471, 0.0102489 , 0.00941226, 0.00156871,
       0.01871993, 0.01077181, 0.000314  , 0.000837  , 0.000627  ,
       0.00177787, 0.000941  , 0.000314  , 0.00177787, 0.        ,
       0.01600084, 0.000627  , 0.03472077, 0.        , 0.        ,
       0.00909851, 0.        , 0.000418  , 0.000105  , 0.        ,
       0.        , 0.        , 0.        , 0.00156871, 0.        ,
       0.02447187, 0.00993516, 0.02102071, 0.00543819, 0.02070697,
       0.000627  , 0.00564735, 0.02938716, 0.02028864, 0.000837  ,
       0.00125497, 0.01610542, 0.02164819, 0.01171303, 0.01955658,
       0.02091613, 0.000837  , 0.00868019, 0.01495503, 0.03367496,
       0.00460155, 0.00146413, 0.02792303, 0.000627  , 0.00282368,
       0.000732  , 0.        , 0.        , 0.        , 0.        ]), array([5.9688945e-02, 5.6000000e-04, 3.8531596e-02, 5.6000000e-04,
       3.5000000e-04, 0.0000000e+00, 7.7100000e-04, 1.2189996e-02,
       3.4328150e-03, 3.4328150e-03, 2.8000000e-04, 2.1000000e-04,
       3.2927000e-03, 2.3118958e-02, 8.4068940e-03, 4.3365560e-02,
       4.9040210e-03, 6.3752280e-03, 6.3051700e-03, 3.2226430e-03,
       1.8915510e-03, 2.1717810e-03, 1.7514360e-03, 2.5220680e-03,
       1.7514360e-03, 2.1017230e-03, 3.5729300e-03, 3.7130450e-03,
       2.7322404e-02, 2.3959647e-02, 2.7322404e-02, 1.4000000e-04,
       7.0100000e-05, 1.4712060e-03, 4.9000000e-04, 1.2610340e-03,
       7.7100000e-04, 9.1100000e-04, 2.2418380e-03, 7.7100000e-04,
       6.3100000e-04, 9.8100000e-04, 7.0100000e-05, 0.0000000e+00,
       2.8000000e-04, 1.2610340e-03, 9.1100000e-04, 1.3310910e-03,
       4.2000000e-04, 2.1000000e-04, 6.3100000e-04, 1.4712060e-03,
       1.9616090e-03, 4.9000000e-04, 7.0100000e-05, 4.9000000e-04,
       0.0000000e+00, 2.8000000e-04, 2.8000000e-04, 6.3100000e-04,
       0.0000000e+00, 6.3100000e-04, 7.0100000e-05, 3.9232170e-03,
       0.0000000e+00, 5.5905843e-02, 7.4961470e-03, 3.3067115e-02,
       3.2716828e-02, 6.6064173e-02, 1.6603615e-02, 1.7584419e-02,
       1.8074821e-02, 5.8007566e-02, 1.6113210e-03, 6.5153430e-03,
       4.3015273e-02, 1.4291719e-02, 3.6569987e-02, 3.5379011e-02,
       1.7514362e-02, 3.5000000e-04, 3.7901079e-02, 4.4696651e-02,
       5.8497968e-02, 1.1349306e-02, 1.4501892e-02, 1.5412638e-02,
       4.9040210e-03, 6.3752280e-03, 4.2000000e-04, 6.3100000e-04,
       2.8000000e-04, 6.3100000e-04, 0.0000000e+00]), array([0.02842882, 0.00499132, 0.02300347, 0.000217  , 0.00347222,
       0.01519097, 0.01388889, 0.00694444, 0.01497396, 0.01497396,
       0.        , 0.00651042, 0.01019965, 0.00173611, 0.02929688,
       0.01128472, 0.00672743, 0.00759549, 0.0062934 , 0.00347222,
       0.00217014, 0.00282118, 0.00173611, 0.0015191 , 0.00173611,
       0.00325521, 0.00824653, 0.01171875, 0.01736111, 0.03472222,
       0.01692708, 0.0015191 , 0.        , 0.00173611, 0.000651  ,
       0.00217014, 0.00173611, 0.00238715, 0.00173611, 0.00130208,
       0.000434  , 0.00238715, 0.00130208, 0.000651  , 0.000434  ,
       0.00412326, 0.00368924, 0.00108507, 0.00238715, 0.000434  ,
       0.        , 0.000434  , 0.00368924, 0.00173611, 0.000651  ,
       0.00195312, 0.000651  , 0.00390625, 0.00282118, 0.00651042,
       0.        , 0.00651042, 0.        , 0.00672743, 0.        ,
       0.06467014, 0.01280382, 0.03233507, 0.02473958, 0.04361979,
       0.01822917, 0.00716146, 0.01540799, 0.03602431, 0.00390625,
       0.0093316 , 0.03342014, 0.015625  , 0.02430556, 0.02907986,
       0.0297309 , 0.000217  , 0.04123264, 0.03320312, 0.05295139,
       0.01736111, 0.0078125 , 0.00802951, 0.00368924, 0.01063368,
       0.00260417, 0.00716146, 0.00260417, 0.00716146, 0.        ]), array([0.04797104, 0.000151  , 0.0322824 , 0.00105597, 0.        ,
       0.00150852, 0.00814602, 0.        , 0.        , 0.        ,
       0.000302  , 0.0031679 , 0.00377131, 0.00482727, 0.01810228,
       0.03846734, 0.01508523, 0.00814602, 0.00392216, 0.00543068,
       0.00603409, 0.00301705, 0.00135767, 0.00452557, 0.00256449,
       0.0031679 , 0.00829688, 0.00497813, 0.04646251, 0.02458893,
       0.04661337, 0.00558154, 0.        , 0.00181023, 0.00150852,
       0.00709006, 0.00181023, 0.00301705, 0.00286619, 0.        ,
       0.000453  , 0.00226278, 0.000151  , 0.        , 0.000603  ,
       0.00165938, 0.00105597, 0.00452557, 0.00211193, 0.000151  ,
       0.00211193, 0.00181023, 0.00105597, 0.000151  , 0.000754  ,
       0.        , 0.000151  , 0.        , 0.        , 0.        ,
       0.        , 0.        , 0.        , 0.00241364, 0.        ,
       0.05913411, 0.02292955, 0.04404888, 0.03198069, 0.04736763,
       0.0126716 , 0.01749887, 0.01568864, 0.0389199 , 0.000754  ,
       0.00105597, 0.02820938, 0.01357671, 0.02760597, 0.04917785,
       0.01945995, 0.00422387, 0.04088098, 0.03032132, 0.0620003 ,
       0.01855483, 0.00482727, 0.0098054 , 0.00377131, 0.00422387,
       0.00165938, 0.        , 0.000603  , 0.        , 0.        ])]
Type-2 Error Instance:
[array([0.18630475, 0.        , 0.05428748, 0.00246761, 0.        ,
       0.        , 0.00370142, 0.        , 0.000617  , 0.000617  ,
       0.        , 0.00123381, 0.00493522, 0.00740284, 0.00740284,
       0.02467613, 0.00987045, 0.00555213, 0.00493522, 0.00987045,
       0.00246761, 0.00308452, 0.00185071, 0.00431832, 0.00246761,
       0.00493522, 0.00370142, 0.00678593, 0.04380012, 0.02714374,
       0.04380012, 0.        , 0.        , 0.00678593, 0.00123381,
       0.00185071, 0.000617  , 0.00370142, 0.01603948, 0.        ,
       0.00246761, 0.00185071, 0.        , 0.000617  , 0.00246761,
       0.000617  , 0.00185071, 0.00123381, 0.00123381, 0.        ,
       0.000617  , 0.00123381, 0.00123381, 0.        , 0.00123381,
       0.        , 0.        , 0.        , 0.        , 0.        ,
       0.        , 0.        , 0.        , 0.00370142, 0.        ,
       0.04071561, 0.01480568, 0.01789019, 0.03146206, 0.04688464,
       0.0197409 , 0.01603948, 0.01789019, 0.04318322, 0.        ,
       0.        , 0.02467613, 0.00925355, 0.03084516, 0.02282542,
       0.00987045, 0.        , 0.03578038, 0.02961135, 0.04380012,
       0.000617  , 0.00925355, 0.00616903, 0.00370142, 0.00185071,
       0.00308452, 0.        , 0.        , 0.        , 0.        ]), array([0.12651163, 0.00186046, 0.01488372, 0.        , 0.        ,
       0.        , 0.        , 0.0055814 , 0.00465116, 0.00465116,
       0.        , 0.        , 0.00744186, 0.00744186, 0.00837209,
       0.01395349, 0.00744186, 0.00093023, 0.0027907 , 0.00186046,
       0.        , 0.        , 0.00093023, 0.        , 0.00093023,
       0.00093023, 0.0027907 , 0.00465116, 0.01860465, 0.01488372,
       0.01860465, 0.        , 0.        , 0.00093023, 0.        ,
       0.00093023, 0.        , 0.        , 0.00093023, 0.        ,
       0.        , 0.        , 0.        , 0.        , 0.00093023,
       0.        , 0.00093023, 0.        , 0.00465116, 0.        ,
       0.00186046, 0.00093023, 0.00093023, 0.        , 0.        ,
       0.        , 0.        , 0.        , 0.        , 0.        ,
       0.        , 0.        , 0.        , 0.00093023, 0.        ,
       0.02976744, 0.00837209, 0.02418605, 0.02139535, 0.03162791,
       0.00744186, 0.00651163, 0.01767442, 0.04465116, 0.00093023,
       0.00372093, 0.01953488, 0.00837209, 0.02511628, 0.0344186 ,
       0.01767442, 0.        , 0.0372093 , 0.02232558, 0.0344186 ,
       0.00465116, 0.01395349, 0.01581395, 0.        , 0.01488372,
       0.        , 0.00093023, 0.        , 0.00093023, 0.        ]), array([2.5618677e-01, 1.5600000e-04, 5.3852140e-02, 1.8677040e-03,
       0.0000000e+00, 1.8677040e-03, 3.1100000e-04, 3.8910510e-03,
       6.2300000e-04, 6.2300000e-04, 0.0000000e+00, 0.0000000e+00,
       4.9805450e-03, 3.5797670e-03, 5.1361870e-03, 1.4630350e-02,
       6.8482490e-03, 6.6926070e-03, 6.0700390e-03, 2.8015560e-03,
       6.2300000e-04, 2.0233460e-03, 4.6692610e-03, 7.7800000e-04,
       1.2451360e-03, 2.3346300e-03, 3.4241250e-03, 3.1128400e-03,
       2.3968872e-02, 3.0505837e-02, 2.3968872e-02, 3.1100000e-04,
       0.0000000e+00, 1.5564200e-03, 2.3346300e-03, 1.2451360e-03,
       2.3346300e-03, 2.8015560e-03, 1.4007780e-03, 1.4007780e-03,
       1.7120620e-03, 2.0233460e-03, 3.1100000e-04, 3.1100000e-04,
       1.2451360e-03, 1.7120620e-03, 1.4007780e-03, 3.7354090e-03,
       4.6700000e-04, 0.0000000e+00, 3.7354090e-03, 1.0894940e-03,
       4.2023350e-03, 6.2300000e-04, 3.1100000e-04, 7.7800000e-04,
       0.0000000e+00, 3.1100000e-04, 3.1100000e-04, 0.0000000e+00,
       0.0000000e+00, 0.0000000e+00, 0.0000000e+00, 9.3400000e-04,
       0.0000000e+00, 3.8599222e-02, 1.0116732e-02, 1.5408560e-02,
       3.0972763e-02, 4.4513619e-02, 9.8054470e-03, 2.4280156e-02,
       2.1634241e-02, 4.1867704e-02, 1.5564200e-03, 1.7120620e-03,
       3.7354086e-02, 1.4319066e-02, 3.1595331e-02, 2.2101167e-02,
       1.5252918e-02, 0.0000000e+00, 2.8171206e-02, 2.1167315e-02,
       5.3852140e-02, 7.7821010e-03, 7.7821010e-03, 7.4708170e-03,
       2.3346300e-03, 4.2023350e-03, 4.6700000e-04, 1.5600000e-04,
       0.0000000e+00, 1.5600000e-04, 0.0000000e+00]), array([0.12651163, 0.00186046, 0.01488372, 0.        , 0.        ,
       0.        , 0.        , 0.0055814 , 0.00465116, 0.00465116,
       0.        , 0.        , 0.00744186, 0.00744186, 0.00837209,
       0.01395349, 0.00744186, 0.00093023, 0.0027907 , 0.00186046,
       0.        , 0.        , 0.00093023, 0.        , 0.00093023,
       0.00093023, 0.0027907 , 0.00465116, 0.01860465, 0.01488372,
       0.01860465, 0.        , 0.        , 0.00093023, 0.        ,
       0.00093023, 0.        , 0.        , 0.00093023, 0.        ,
       0.        , 0.        , 0.        , 0.        , 0.00093023,
       0.        , 0.00093023, 0.        , 0.00465116, 0.        ,
       0.00186046, 0.00093023, 0.00093023, 0.        , 0.        ,
       0.        , 0.        , 0.        , 0.        , 0.        ,
       0.        , 0.        , 0.        , 0.00093023, 0.        ,
       0.02976744, 0.00837209, 0.02418605, 0.02139535, 0.03162791,
       0.00744186, 0.00651163, 0.01767442, 0.04465116, 0.00093023,
       0.00372093, 0.01953488, 0.00837209, 0.02511628, 0.0344186 ,
       0.01767442, 0.        , 0.0372093 , 0.02232558, 0.0344186 ,
       0.00465116, 0.01395349, 0.01581395, 0.        , 0.01488372,
       0.        , 0.00093023, 0.        , 0.00093023, 0.        ])]SVM with linear kernel
Confusion Matrix:
 [[ 0 40]
 [ 0 79]]

Type-1 Error Instance:
[array([5.10098316e-01, 0.00000000e+00, 1.76815790e-02, 0.00000000e+00,
       0.00000000e+00, 1.52000000e-04, 9.83156800e-03, 0.00000000e+00,
       0.00000000e+00, 0.00000000e+00, 0.00000000e+00, 0.00000000e+00,
       0.00000000e+00, 0.00000000e+00, 0.00000000e+00, 2.43883850e-02,
       2.13398400e-03, 3.50583000e-03, 2.51505200e-03, 9.91000000e-04,
       1.29563300e-03, 6.10000000e-04, 6.10000000e-04, 6.10000000e-04,
       6.10000000e-04, 5.33000000e-04, 1.52000000e-04, 9.98399500e-03,
       4.87767700e-02, 8.84079000e-03, 4.87767700e-02, 0.00000000e+00,
       0.00000000e+00, 0.00000000e+00, 0.00000000e+00, 3.05000000e-04,
       0.00000000e+00, 0.00000000e+00, 0.00000000e+00, 0.00000000e+00,
       0.00000000e+00, 0.00000000e+00, 0.00000000e+00, 0.00000000e+00,
       0.00000000e+00, 1.52000000e-04, 0.00000000e+00, 0.00000000e+00,
       0.00000000e+00, 0.00000000e+00, 0.00000000e+00, 0.00000000e+00,
       5.33495900e-03, 0.00000000e+00, 0.00000000e+00, 0.00000000e+00,
       0.00000000e+00, 0.00000000e+00, 0.00000000e+00, 0.00000000e+00,
       0.00000000e+00, 0.00000000e+00, 0.00000000e+00, 0.00000000e+00,
       0.00000000e+00, 2.64461550e-02, 1.05937050e-02, 1.31087570e-02,
       5.13680360e-02, 9.45049900e-03, 0.00000000e+00, 3.05000000e-04,
       6.10000000e-04, 1.13558420e-02, 2.89612100e-03, 2.59126600e-03,
       1.60810910e-02, 3.04854800e-03, 1.80626480e-02, 6.78302000e-03,
       1.02888500e-02, 0.00000000e+00, 1.31849710e-02, 2.81990700e-02,
       5.50262940e-02, 2.36262500e-03, 0.00000000e+00, 1.52000000e-04,
       0.00000000e+00, 5.10631800e-03, 0.00000000e+00, 0.00000000e+00,
       0.00000000e+00, 0.00000000e+00, 0.00000000e+00]), array([0.0573409 , 0.00063   , 0.07939509, 0.00504096, 0.00189036,
       0.00252048, 0.        , 0.0063012 , 0.01827347, 0.01827347,
       0.00126024, 0.00126024, 0.02961563, 0.00063   , 0.01512287,
       0.0094518 , 0.00126024, 0.00819156, 0.00756144, 0.00189036,
       0.00126024, 0.00441084, 0.00504096, 0.00126024, 0.00189036,
       0.00693132, 0.02772527, 0.00567108, 0.00252048, 0.00504096,
       0.00378072, 0.00189036, 0.        , 0.00441084, 0.00756144,
       0.00378072, 0.00063   , 0.0031506 , 0.00126024, 0.        ,
       0.00252048, 0.00567108, 0.        , 0.        , 0.00441084,
       0.00063   , 0.        , 0.        , 0.        , 0.        ,
       0.        , 0.0094518 , 0.0063012 , 0.00189036, 0.        ,
       0.00126024, 0.        , 0.        , 0.        , 0.00441084,
       0.00756144, 0.00504096, 0.00126024, 0.00126024, 0.        ,
       0.03024575, 0.01008192, 0.03087587, 0.01512287, 0.05671077,
       0.00882168, 0.0094518 , 0.01260239, 0.04284814, 0.00504096,
       0.00441084, 0.03276623, 0.0063012 , 0.0447385 , 0.04851922,
       0.02331443, 0.        , 0.04662886, 0.01386263, 0.06301197,
       0.02268431, 0.00567108, 0.00189036, 0.00189036, 0.00567108,
       0.0031506 , 0.00693132, 0.00189036, 0.00819156, 0.        ]), array([0.06191173, 0.000105  , 0.03764903, 0.        , 0.        ,
       0.000523  , 0.000105  , 0.        , 0.00888935, 0.00888935,
       0.        , 0.        , 0.        , 0.000523  , 0.02740013,
       0.05825141, 0.00533361, 0.00428781, 0.00815729, 0.00962142,
       0.00156871, 0.00533361, 0.00491529, 0.00397406, 0.000941  ,
       0.00104581, 0.00899393, 0.000732  , 0.04402845, 0.01903367,
       0.04402845, 0.        , 0.        , 0.01830161, 0.000627  ,
       0.000732  , 0.02750471, 0.0102489 , 0.00941226, 0.00156871,
       0.01871993, 0.01077181, 0.000314  , 0.000837  , 0.000627  ,
       0.00177787, 0.000941  , 0.000314  , 0.00177787, 0.        ,
       0.01600084, 0.000627  , 0.03472077, 0.        , 0.        ,
       0.00909851, 0.        , 0.000418  , 0.000105  , 0.        ,
       0.        , 0.        , 0.        , 0.00156871, 0.        ,
       0.02447187, 0.00993516, 0.02102071, 0.00543819, 0.02070697,
       0.000627  , 0.00564735, 0.02938716, 0.02028864, 0.000837  ,
       0.00125497, 0.01610542, 0.02164819, 0.01171303, 0.01955658,
       0.02091613, 0.000837  , 0.00868019, 0.01495503, 0.03367496,
       0.00460155, 0.00146413, 0.02792303, 0.000627  , 0.00282368,
       0.000732  , 0.        , 0.        , 0.        , 0.        ]), array([8.2304527e-02, 1.0870410e-03, 3.3387685e-02, 1.5500000e-04,
       0.0000000e+00, 0.0000000e+00, 1.9411440e-03, 1.3976240e-03,
       5.4400000e-04, 5.4400000e-04, 0.0000000e+00, 3.1100000e-04,
       9.3200000e-04, 2.5157233e-02, 6.0563710e-03, 3.0747729e-02,
       2.4846650e-03, 4.1928720e-03, 2.6399570e-03, 2.4070190e-03,
       9.3200000e-04, 4.6600000e-04, 3.1100000e-04, 3.8800000e-04,
       4.6600000e-04, 1.5500000e-04, 2.0964360e-03, 7.7600000e-05,
       3.6338225e-02, 1.6771488e-02, 3.6338225e-02, 4.6600000e-04,
       0.0000000e+00, 1.0870410e-03, 3.8800000e-04, 2.0187900e-03,
       4.6600000e-04, 6.9900000e-04, 1.5529160e-03, 5.4400000e-04,
       4.6600000e-04, 3.8800000e-04, 4.6600000e-04, 7.7600000e-04,
       8.5400000e-04, 2.4070190e-03, 8.5400000e-04, 7.7600000e-04,
       2.0964360e-03, 1.5500000e-04, 8.5400000e-04, 2.7176020e-03,
       1.1646870e-03, 1.5500000e-04, 8.5400000e-04, 0.0000000e+00,
       0.0000000e+00, 3.1100000e-04, 0.0000000e+00, 7.7600000e-05,
       0.0000000e+00, 7.7600000e-05, 0.0000000e+00, 2.0187900e-03,
       0.0000000e+00, 6.2038978e-02, 5.4352050e-03, 2.2129047e-02,
       1.8945570e-02, 7.7257551e-02, 8.1528070e-03, 1.2966845e-02,
       2.0110257e-02, 6.7318891e-02, 5.8234330e-03, 2.8728940e-03,
       4.5888656e-02, 2.3526671e-02, 3.4086497e-02, 3.5872350e-02,
       1.3976240e-02, 1.3976240e-03, 4.3636928e-02, 5.8311981e-02,
       5.6137899e-02, 3.0980666e-02, 1.3044491e-02, 1.2423320e-03,
       2.0964360e-03, 4.1152260e-03, 6.9900000e-04, 0.0000000e+00,
       0.0000000e+00, 0.0000000e+00, 0.0000000e+00])]
Type-2 Error Instance:
[]SVM with RBF kernel
Confusion Matrix:
 [[ 4 36]
 [ 2 77]]

Type-1 Error Instance:
[array([0.0573409 , 0.00063   , 0.07939509, 0.00504096, 0.00189036,
       0.00252048, 0.        , 0.0063012 , 0.01827347, 0.01827347,
       0.00126024, 0.00126024, 0.02961563, 0.00063   , 0.01512287,
       0.0094518 , 0.00126024, 0.00819156, 0.00756144, 0.00189036,
       0.00126024, 0.00441084, 0.00504096, 0.00126024, 0.00189036,
       0.00693132, 0.02772527, 0.00567108, 0.00252048, 0.00504096,
       0.00378072, 0.00189036, 0.        , 0.00441084, 0.00756144,
       0.00378072, 0.00063   , 0.0031506 , 0.00126024, 0.        ,
       0.00252048, 0.00567108, 0.        , 0.        , 0.00441084,
       0.00063   , 0.        , 0.        , 0.        , 0.        ,
       0.        , 0.0094518 , 0.0063012 , 0.00189036, 0.        ,
       0.00126024, 0.        , 0.        , 0.        , 0.00441084,
       0.00756144, 0.00504096, 0.00126024, 0.00126024, 0.        ,
       0.03024575, 0.01008192, 0.03087587, 0.01512287, 0.05671077,
       0.00882168, 0.0094518 , 0.01260239, 0.04284814, 0.00504096,
       0.00441084, 0.03276623, 0.0063012 , 0.0447385 , 0.04851922,
       0.02331443, 0.        , 0.04662886, 0.01386263, 0.06301197,
       0.02268431, 0.00567108, 0.00189036, 0.00189036, 0.00567108,
       0.0031506 , 0.00693132, 0.00189036, 0.00819156, 0.        ]), array([0.06191173, 0.000105  , 0.03764903, 0.        , 0.        ,
       0.000523  , 0.000105  , 0.        , 0.00888935, 0.00888935,
       0.        , 0.        , 0.        , 0.000523  , 0.02740013,
       0.05825141, 0.00533361, 0.00428781, 0.00815729, 0.00962142,
       0.00156871, 0.00533361, 0.00491529, 0.00397406, 0.000941  ,
       0.00104581, 0.00899393, 0.000732  , 0.04402845, 0.01903367,
       0.04402845, 0.        , 0.        , 0.01830161, 0.000627  ,
       0.000732  , 0.02750471, 0.0102489 , 0.00941226, 0.00156871,
       0.01871993, 0.01077181, 0.000314  , 0.000837  , 0.000627  ,
       0.00177787, 0.000941  , 0.000314  , 0.00177787, 0.        ,
       0.01600084, 0.000627  , 0.03472077, 0.        , 0.        ,
       0.00909851, 0.        , 0.000418  , 0.000105  , 0.        ,
       0.        , 0.        , 0.        , 0.00156871, 0.        ,
       0.02447187, 0.00993516, 0.02102071, 0.00543819, 0.02070697,
       0.000627  , 0.00564735, 0.02938716, 0.02028864, 0.000837  ,
       0.00125497, 0.01610542, 0.02164819, 0.01171303, 0.01955658,
       0.02091613, 0.000837  , 0.00868019, 0.01495503, 0.03367496,
       0.00460155, 0.00146413, 0.02792303, 0.000627  , 0.00282368,
       0.000732  , 0.        , 0.        , 0.        , 0.        ]), array([8.2304527e-02, 1.0870410e-03, 3.3387685e-02, 1.5500000e-04,
       0.0000000e+00, 0.0000000e+00, 1.9411440e-03, 1.3976240e-03,
       5.4400000e-04, 5.4400000e-04, 0.0000000e+00, 3.1100000e-04,
       9.3200000e-04, 2.5157233e-02, 6.0563710e-03, 3.0747729e-02,
       2.4846650e-03, 4.1928720e-03, 2.6399570e-03, 2.4070190e-03,
       9.3200000e-04, 4.6600000e-04, 3.1100000e-04, 3.8800000e-04,
       4.6600000e-04, 1.5500000e-04, 2.0964360e-03, 7.7600000e-05,
       3.6338225e-02, 1.6771488e-02, 3.6338225e-02, 4.6600000e-04,
       0.0000000e+00, 1.0870410e-03, 3.8800000e-04, 2.0187900e-03,
       4.6600000e-04, 6.9900000e-04, 1.5529160e-03, 5.4400000e-04,
       4.6600000e-04, 3.8800000e-04, 4.6600000e-04, 7.7600000e-04,
       8.5400000e-04, 2.4070190e-03, 8.5400000e-04, 7.7600000e-04,
       2.0964360e-03, 1.5500000e-04, 8.5400000e-04, 2.7176020e-03,
       1.1646870e-03, 1.5500000e-04, 8.5400000e-04, 0.0000000e+00,
       0.0000000e+00, 3.1100000e-04, 0.0000000e+00, 7.7600000e-05,
       0.0000000e+00, 7.7600000e-05, 0.0000000e+00, 2.0187900e-03,
       0.0000000e+00, 6.2038978e-02, 5.4352050e-03, 2.2129047e-02,
       1.8945570e-02, 7.7257551e-02, 8.1528070e-03, 1.2966845e-02,
       2.0110257e-02, 6.7318891e-02, 5.8234330e-03, 2.8728940e-03,
       4.5888656e-02, 2.3526671e-02, 3.4086497e-02, 3.5872350e-02,
       1.3976240e-02, 1.3976240e-03, 4.3636928e-02, 5.8311981e-02,
       5.6137899e-02, 3.0980666e-02, 1.3044491e-02, 1.2423320e-03,
       2.0964360e-03, 4.1152260e-03, 6.9900000e-04, 0.0000000e+00,
       0.0000000e+00, 0.0000000e+00, 0.0000000e+00]), array([5.9688945e-02, 5.6000000e-04, 3.8531596e-02, 5.6000000e-04,
       3.5000000e-04, 0.0000000e+00, 7.7100000e-04, 1.2189996e-02,
       3.4328150e-03, 3.4328150e-03, 2.8000000e-04, 2.1000000e-04,
       3.2927000e-03, 2.3118958e-02, 8.4068940e-03, 4.3365560e-02,
       4.9040210e-03, 6.3752280e-03, 6.3051700e-03, 3.2226430e-03,
       1.8915510e-03, 2.1717810e-03, 1.7514360e-03, 2.5220680e-03,
       1.7514360e-03, 2.1017230e-03, 3.5729300e-03, 3.7130450e-03,
       2.7322404e-02, 2.3959647e-02, 2.7322404e-02, 1.4000000e-04,
       7.0100000e-05, 1.4712060e-03, 4.9000000e-04, 1.2610340e-03,
       7.7100000e-04, 9.1100000e-04, 2.2418380e-03, 7.7100000e-04,
       6.3100000e-04, 9.8100000e-04, 7.0100000e-05, 0.0000000e+00,
       2.8000000e-04, 1.2610340e-03, 9.1100000e-04, 1.3310910e-03,
       4.2000000e-04, 2.1000000e-04, 6.3100000e-04, 1.4712060e-03,
       1.9616090e-03, 4.9000000e-04, 7.0100000e-05, 4.9000000e-04,
       0.0000000e+00, 2.8000000e-04, 2.8000000e-04, 6.3100000e-04,
       0.0000000e+00, 6.3100000e-04, 7.0100000e-05, 3.9232170e-03,
       0.0000000e+00, 5.5905843e-02, 7.4961470e-03, 3.3067115e-02,
       3.2716828e-02, 6.6064173e-02, 1.6603615e-02, 1.7584419e-02,
       1.8074821e-02, 5.8007566e-02, 1.6113210e-03, 6.5153430e-03,
       4.3015273e-02, 1.4291719e-02, 3.6569987e-02, 3.5379011e-02,
       1.7514362e-02, 3.5000000e-04, 3.7901079e-02, 4.4696651e-02,
       5.8497968e-02, 1.1349306e-02, 1.4501892e-02, 1.5412638e-02,
       4.9040210e-03, 6.3752280e-03, 4.2000000e-04, 6.3100000e-04,
       2.8000000e-04, 6.3100000e-04, 0.0000000e+00])]
Type-2 Error Instance:
[array([3.78942925e-01, 2.53000000e-04, 3.23539340e-02, 5.07000000e-05,
       2.87000000e-04, 1.01000000e-04, 1.31712300e-03, 9.96285000e-03,
       2.81999300e-03, 2.85376600e-03, 8.44000000e-05, 5.91000000e-04,
       7.09000000e-04, 2.21209100e-03, 1.17359000e-02, 1.87774400e-02,
       8.79770300e-03, 9.45626500e-03, 4.13711600e-03, 5.06585600e-03,
       1.78993600e-03, 2.76933500e-03, 1.72239100e-03, 1.16514700e-03,
       1.72239100e-03, 2.29652100e-03, 3.30969300e-03, 6.21411700e-03,
       1.85072610e-02, 2.33873690e-02, 1.84059440e-02, 1.01317100e-03,
       1.69000000e-05, 1.09760200e-03, 1.16514700e-03, 6.59000000e-04,
       1.28335000e-03, 5.40000000e-04, 8.44000000e-05, 1.18000000e-04,
       1.35000000e-04, 8.95000000e-04, 3.38000000e-05, 0.00000000e+00,
       6.75000000e-04, 1.06383000e-03, 6.59000000e-04, 8.44000000e-05,
       2.03000000e-04, 0.00000000e+00, 1.18000000e-04, 7.60000000e-04,
       1.26646400e-03, 7.77000000e-04, 0.00000000e+00, 4.05000000e-04,
       0.00000000e+00, 0.00000000e+00, 0.00000000e+00, 1.36778100e-03,
       0.00000000e+00, 1.36778100e-03, 0.00000000e+00, 1.48767310e-02,
       0.00000000e+00, 3.09692670e-02, 5.96082400e-03, 1.38973320e-02,
       2.40290440e-02, 3.08172910e-02, 9.57446800e-03, 9.13542700e-03,
       1.10773390e-02, 3.21850730e-02, 1.33400900e-03, 3.32657900e-03,
       2.57345490e-02, 7.54812600e-03, 2.16312060e-02, 1.54002030e-02,
       1.29010470e-02, 4.39000000e-04, 1.51469100e-02, 2.35731170e-02,
       2.90273560e-02, 3.95136800e-03, 1.18709900e-02, 6.14657200e-03,
       9.10165500e-03, 8.12225600e-03, 3.71000000e-04, 1.01317100e-03,
       6.75000000e-05, 1.01317100e-03, 0.00000000e+00]), array([6.0561562e-01, 1.2100000e-04, 1.8880103e-02, 0.0000000e+00,
       0.0000000e+00, 0.0000000e+00, 2.0200000e-04, 0.0000000e+00,
       3.2300000e-04, 2.8200000e-04, 0.0000000e+00, 8.0700000e-05,
       2.4205260e-03, 9.3190250e-03, 1.7347100e-03, 1.7831209e-02,
       2.8200000e-04, 4.4400000e-04, 4.4400000e-04, 1.2100000e-04,
       2.8200000e-04, 2.4200000e-04, 2.0200000e-04, 2.0200000e-04,
       4.0300000e-05, 4.0300000e-05, 8.4700000e-04, 1.0085530e-03,
       1.8638051e-02, 9.4400520e-03, 1.8638051e-02, 0.0000000e+00,
       0.0000000e+00, 2.8200000e-04, 6.0500000e-04, 8.0700000e-05,
       2.4200000e-04, 2.0200000e-04, 4.4400000e-04, 2.4200000e-04,
       2.4200000e-04, 5.6500000e-04, 4.0300000e-05, 3.2300000e-04,
       1.2100000e-04, 5.6500000e-04, 4.4400000e-04, 3.6300000e-04,
       5.2400000e-04, 8.0700000e-05, 2.4200000e-04, 9.2800000e-04,
       1.2100000e-04, 4.0300000e-05, 4.0300000e-05, 2.0200000e-04,
       0.0000000e+00, 0.0000000e+00, 2.4200000e-04, 0.0000000e+00,
       0.0000000e+00, 0.0000000e+00, 0.0000000e+00, 3.6300000e-04,
       0.0000000e+00, 3.3766339e-02, 4.0745520e-03, 1.2304341e-02,
       8.7945780e-03, 1.9001130e-02, 7.4632890e-03, 7.0195260e-03,
       5.3251570e-03, 1.7911893e-02, 1.5330000e-03, 6.1723410e-03,
       1.3312893e-02, 4.7200260e-03, 2.1461998e-02, 2.2510892e-02,
       1.0730999e-02, 2.0200000e-04, 1.8315314e-02, 2.6222366e-02,
       1.8517024e-02, 2.7432630e-03, 2.6222370e-03, 4.9217360e-03,
       8.0700000e-04, 5.7689200e-03, 3.5904470e-03, 0.0000000e+00,
       0.0000000e+00, 0.0000000e+00, 0.0000000e+00])]MLP
Confusion Matrix:
 [[22 18]
 [13 66]]

Type-1 Error Instance:
[array([5.10098316e-01, 0.00000000e+00, 1.76815790e-02, 0.00000000e+00,
       0.00000000e+00, 1.52000000e-04, 9.83156800e-03, 0.00000000e+00,
       0.00000000e+00, 0.00000000e+00, 0.00000000e+00, 0.00000000e+00,
       0.00000000e+00, 0.00000000e+00, 0.00000000e+00, 2.43883850e-02,
       2.13398400e-03, 3.50583000e-03, 2.51505200e-03, 9.91000000e-04,
       1.29563300e-03, 6.10000000e-04, 6.10000000e-04, 6.10000000e-04,
       6.10000000e-04, 5.33000000e-04, 1.52000000e-04, 9.98399500e-03,
       4.87767700e-02, 8.84079000e-03, 4.87767700e-02, 0.00000000e+00,
       0.00000000e+00, 0.00000000e+00, 0.00000000e+00, 3.05000000e-04,
       0.00000000e+00, 0.00000000e+00, 0.00000000e+00, 0.00000000e+00,
       0.00000000e+00, 0.00000000e+00, 0.00000000e+00, 0.00000000e+00,
       0.00000000e+00, 1.52000000e-04, 0.00000000e+00, 0.00000000e+00,
       0.00000000e+00, 0.00000000e+00, 0.00000000e+00, 0.00000000e+00,
       5.33495900e-03, 0.00000000e+00, 0.00000000e+00, 0.00000000e+00,
       0.00000000e+00, 0.00000000e+00, 0.00000000e+00, 0.00000000e+00,
       0.00000000e+00, 0.00000000e+00, 0.00000000e+00, 0.00000000e+00,
       0.00000000e+00, 2.64461550e-02, 1.05937050e-02, 1.31087570e-02,
       5.13680360e-02, 9.45049900e-03, 0.00000000e+00, 3.05000000e-04,
       6.10000000e-04, 1.13558420e-02, 2.89612100e-03, 2.59126600e-03,
       1.60810910e-02, 3.04854800e-03, 1.80626480e-02, 6.78302000e-03,
       1.02888500e-02, 0.00000000e+00, 1.31849710e-02, 2.81990700e-02,
       5.50262940e-02, 2.36262500e-03, 0.00000000e+00, 1.52000000e-04,
       0.00000000e+00, 5.10631800e-03, 0.00000000e+00, 0.00000000e+00,
       0.00000000e+00, 0.00000000e+00, 0.00000000e+00]), array([0.06191173, 0.000105  , 0.03764903, 0.        , 0.        ,
       0.000523  , 0.000105  , 0.        , 0.00888935, 0.00888935,
       0.        , 0.        , 0.        , 0.000523  , 0.02740013,
       0.05825141, 0.00533361, 0.00428781, 0.00815729, 0.00962142,
       0.00156871, 0.00533361, 0.00491529, 0.00397406, 0.000941  ,
       0.00104581, 0.00899393, 0.000732  , 0.04402845, 0.01903367,
       0.04402845, 0.        , 0.        , 0.01830161, 0.000627  ,
       0.000732  , 0.02750471, 0.0102489 , 0.00941226, 0.00156871,
       0.01871993, 0.01077181, 0.000314  , 0.000837  , 0.000627  ,
       0.00177787, 0.000941  , 0.000314  , 0.00177787, 0.        ,
       0.01600084, 0.000627  , 0.03472077, 0.        , 0.        ,
       0.00909851, 0.        , 0.000418  , 0.000105  , 0.        ,
       0.        , 0.        , 0.        , 0.00156871, 0.        ,
       0.02447187, 0.00993516, 0.02102071, 0.00543819, 0.02070697,
       0.000627  , 0.00564735, 0.02938716, 0.02028864, 0.000837  ,
       0.00125497, 0.01610542, 0.02164819, 0.01171303, 0.01955658,
       0.02091613, 0.000837  , 0.00868019, 0.01495503, 0.03367496,
       0.00460155, 0.00146413, 0.02792303, 0.000627  , 0.00282368,
       0.000732  , 0.        , 0.        , 0.        , 0.        ]), array([0.02842882, 0.00499132, 0.02300347, 0.000217  , 0.00347222,
       0.01519097, 0.01388889, 0.00694444, 0.01497396, 0.01497396,
       0.        , 0.00651042, 0.01019965, 0.00173611, 0.02929688,
       0.01128472, 0.00672743, 0.00759549, 0.0062934 , 0.00347222,
       0.00217014, 0.00282118, 0.00173611, 0.0015191 , 0.00173611,
       0.00325521, 0.00824653, 0.01171875, 0.01736111, 0.03472222,
       0.01692708, 0.0015191 , 0.        , 0.00173611, 0.000651  ,
       0.00217014, 0.00173611, 0.00238715, 0.00173611, 0.00130208,
       0.000434  , 0.00238715, 0.00130208, 0.000651  , 0.000434  ,
       0.00412326, 0.00368924, 0.00108507, 0.00238715, 0.000434  ,
       0.        , 0.000434  , 0.00368924, 0.00173611, 0.000651  ,
       0.00195312, 0.000651  , 0.00390625, 0.00282118, 0.00651042,
       0.        , 0.00651042, 0.        , 0.00672743, 0.        ,
       0.06467014, 0.01280382, 0.03233507, 0.02473958, 0.04361979,
       0.01822917, 0.00716146, 0.01540799, 0.03602431, 0.00390625,
       0.0093316 , 0.03342014, 0.015625  , 0.02430556, 0.02907986,
       0.0297309 , 0.000217  , 0.04123264, 0.03320312, 0.05295139,
       0.01736111, 0.0078125 , 0.00802951, 0.00368924, 0.01063368,
       0.00260417, 0.00716146, 0.00260417, 0.00716146, 0.        ]), array([5.3121910e-02, 0.0000000e+00, 3.4003574e-02, 0.0000000e+00,
       0.0000000e+00, 0.0000000e+00, 5.2000000e-04, 1.7300000e-04,
       7.9800000e-04, 7.8100000e-04, 0.0000000e+00, 0.0000000e+00,
       2.0992000e-03, 3.1748230e-03, 9.9581890e-03, 3.1644142e-02,
       1.3844312e-02, 9.9408410e-03, 8.7784740e-03, 5.2393260e-03,
       6.1761590e-03, 3.9555180e-03, 6.4200000e-04, 5.3607680e-03,
       4.1637030e-03, 2.8798950e-03, 3.4003570e-03, 5.2000000e-04,
       3.0794053e-02, 1.9274475e-02, 3.0794053e-02, 2.3941290e-03,
       0.0000000e+00, 1.2144130e-03, 5.9000000e-04, 4.8600000e-04,
       4.1116570e-03, 3.2095210e-03, 1.2664600e-03, 3.1200000e-04,
       2.9839870e-03, 2.7758020e-03, 3.4700000e-04, 7.8100000e-04,
       1.5613890e-03, 1.1970650e-03, 5.2000000e-04, 7.6300000e-04,
       5.3434190e-03, 0.0000000e+00, 2.7800000e-04, 8.4141500e-03,
       1.8216200e-03, 1.4572960e-03, 1.7300000e-05, 1.0400000e-04,
       0.0000000e+00, 4.6800000e-04, 0.0000000e+00, 0.0000000e+00,
       0.0000000e+00, 0.0000000e+00, 0.0000000e+00, 1.1398137e-02,
       0.0000000e+00, 5.6383477e-02, 1.1120557e-02, 1.6030256e-02,
       1.7504901e-02, 4.8229559e-02, 7.6681530e-03, 8.3447550e-03,
       2.0766468e-02, 3.5963984e-02, 2.9666380e-03, 1.2439062e-02,
       3.1245121e-02, 1.7279367e-02, 2.5971097e-02, 2.8694853e-02,
       2.5780261e-02, 1.2100000e-04, 2.3091202e-02, 5.1126802e-02,
       4.9634809e-02, 1.8285595e-02, 1.2334970e-02, 2.8278480e-03,
       5.2219770e-03, 5.9506250e-03, 7.1100000e-04, 0.0000000e+00,
       0.0000000e+00, 0.0000000e+00, 0.0000000e+00])]
Type-2 Error Instance:
[array([0.18630475, 0.        , 0.05428748, 0.00246761, 0.        ,
       0.        , 0.00370142, 0.        , 0.000617  , 0.000617  ,
       0.        , 0.00123381, 0.00493522, 0.00740284, 0.00740284,
       0.02467613, 0.00987045, 0.00555213, 0.00493522, 0.00987045,
       0.00246761, 0.00308452, 0.00185071, 0.00431832, 0.00246761,
       0.00493522, 0.00370142, 0.00678593, 0.04380012, 0.02714374,
       0.04380012, 0.        , 0.        , 0.00678593, 0.00123381,
       0.00185071, 0.000617  , 0.00370142, 0.01603948, 0.        ,
       0.00246761, 0.00185071, 0.        , 0.000617  , 0.00246761,
       0.000617  , 0.00185071, 0.00123381, 0.00123381, 0.        ,
       0.000617  , 0.00123381, 0.00123381, 0.        , 0.00123381,
       0.        , 0.        , 0.        , 0.        , 0.        ,
       0.        , 0.        , 0.        , 0.00370142, 0.        ,
       0.04071561, 0.01480568, 0.01789019, 0.03146206, 0.04688464,
       0.0197409 , 0.01603948, 0.01789019, 0.04318322, 0.        ,
       0.        , 0.02467613, 0.00925355, 0.03084516, 0.02282542,
       0.00987045, 0.        , 0.03578038, 0.02961135, 0.04380012,
       0.000617  , 0.00925355, 0.00616903, 0.00370142, 0.00185071,
       0.00308452, 0.        , 0.        , 0.        , 0.        ]), array([0.05783638, 0.00074918, 0.0293677 , 0.00044951, 0.        ,
       0.02052742, 0.00524423, 0.00359604, 0.00164819, 0.00164819,
       0.        , 0.00089901, 0.0080911 , 0.00329637, 0.00599341,
       0.00913995, 0.01573269, 0.01078813, 0.02562182, 0.01078813,
       0.00824093, 0.01273599, 0.00869044, 0.01003896, 0.00779143,
       0.00794126, 0.00839077, 0.00269703, 0.00599341, 0.01048846,
       0.00614324, 0.00089901, 0.        , 0.00839077, 0.0110878 ,
       0.01018879, 0.00659275, 0.00614324, 0.01663171, 0.01003896,
       0.01033863, 0.00884028, 0.00794126, 0.00599341, 0.00749176,
       0.00674258, 0.00614324, 0.00644291, 0.00599341, 0.00734192,
       0.00839077, 0.00704225, 0.0080911 , 0.01003896, 0.00869044,
       0.00749176, 0.0055439 , 0.00539407, 0.0110878 , 0.00059934,
       0.00449506, 0.00059934, 0.        , 0.00674258, 0.        ,
       0.03356308, 0.01018879, 0.03191489, 0.02457297, 0.02801918,
       0.01513335, 0.01887923, 0.01228648, 0.02457297, 0.00764159,
       0.01198681, 0.02457297, 0.01738088, 0.02022775, 0.01947857,
       0.02097693, 0.00599341, 0.02712017, 0.02577165, 0.02577165,
       0.00899011, 0.01348517, 0.00899011, 0.00899011, 0.00764159,
       0.00569374, 0.00284687, 0.00059934, 0.00314654, 0.        ]), array([2.44819294e-01, 0.00000000e+00, 3.39968920e-02, 1.82000000e-04,
       0.00000000e+00, 2.55410770e-02, 3.22085000e-03, 9.35869500e-03,
       1.22000000e-04, 1.22000000e-04, 1.04000000e-04, 5.21000000e-05,
       0.00000000e+00, 4.58385100e-03, 1.29007610e-02, 2.96821690e-02,
       7.86547100e-03, 1.07390590e-02, 4.95715700e-03, 4.44494600e-03,
       2.72600200e-03, 4.44494600e-03, 7.43139400e-03, 8.14328000e-03,
       7.97833100e-03, 8.95934400e-03, 4.29736000e-03, 7.29000000e-04,
       2.60185610e-02, 2.77809130e-02, 2.60880130e-02, 3.25557600e-03,
       0.00000000e+00, 4.95000000e-04, 1.48000000e-04, 5.47000000e-04,
       5.47000000e-04, 5.21000000e-05, 5.21000000e-05, 1.56000000e-04,
       2.95000000e-04, 1.65000000e-04, 1.30000000e-04, 6.08000000e-05,
       3.30000000e-04, 3.04000000e-04, 5.90000000e-04, 6.08000000e-05,
       6.08000000e-05, 4.34000000e-05, 1.22000000e-04, 6.08000000e-05,
       3.32502800e-03, 6.42000000e-04, 3.47000000e-05, 4.34000000e-05,
       5.21000000e-05, 8.68000000e-06, 2.60000000e-05, 1.39000000e-04,
       0.00000000e+00, 1.39000000e-04, 0.00000000e+00, 1.57830310e-02,
       0.00000000e+00, 3.58981480e-02, 1.13641300e-02, 1.62605160e-02,
       3.07152720e-02, 4.70799660e-02, 7.65711400e-03, 4.34944900e-03,
       1.16332570e-02, 3.45091030e-02, 6.16000000e-04, 4.63594000e-03,
       2.82931230e-02, 5.83399200e-03, 1.71373510e-02, 1.90472880e-02,
       1.19892000e-02, 2.26000000e-04, 1.50016930e-02, 2.98210740e-02,
       3.44830580e-02, 2.31797000e-03, 1.40901320e-02, 1.38904560e-02,
       1.13814930e-02, 4.16713700e-03, 1.65000000e-04, 0.00000000e+00,
       0.00000000e+00, 0.00000000e+00, 0.00000000e+00]), array([2.45459263e-01, 3.46000000e-04, 4.11693480e-02, 3.46000000e-04,
       8.65000000e-04, 3.46000000e-04, 2.07576500e-03, 4.49749200e-03,
       2.94066800e-03, 2.94066800e-03, 0.00000000e+00, 0.00000000e+00,
       1.90278500e-03, 4.15153100e-03, 1.79899670e-02, 4.32451130e-02,
       1.52222800e-02, 1.55682410e-02, 7.43815900e-03, 6.57325700e-03,
       4.49749200e-03, 3.11364800e-03, 1.21086300e-03, 1.90278500e-03,
       1.55682400e-03, 2.76768700e-03, 4.32451100e-03, 1.38384400e-03,
       2.21414980e-02, 2.40442830e-02, 2.21414980e-02, 6.92000000e-04,
       0.00000000e+00, 1.73000000e-04, 1.73000000e-04, 0.00000000e+00,
       1.73000000e-04, 0.00000000e+00, 1.73000000e-04, 3.46000000e-04,
       0.00000000e+00, 1.73000000e-04, 0.00000000e+00, 0.00000000e+00,
       1.73000000e-04, 0.00000000e+00, 0.00000000e+00, 0.00000000e+00,
       1.73000000e-04, 0.00000000e+00, 0.00000000e+00, 3.46000000e-04,
       5.19000000e-04, 0.00000000e+00, 1.73000000e-04, 0.00000000e+00,
       0.00000000e+00, 0.00000000e+00, 0.00000000e+00, 0.00000000e+00,
       0.00000000e+00, 0.00000000e+00, 0.00000000e+00, 3.63259000e-03,
       0.00000000e+00, 2.95796570e-02, 8.30306200e-03, 2.16225570e-02,
       1.79899670e-02, 2.92336970e-02, 1.02058470e-02, 1.57412210e-02,
       2.12765960e-02, 3.64988760e-02, 3.45960900e-03, 2.59470700e-03,
       2.24874590e-02, 1.33194950e-02, 1.48763190e-02, 2.47362050e-02,
       1.90278500e-02, 1.73000000e-04, 2.07576540e-02, 2.62930290e-02,
       3.99584850e-02, 7.09219900e-03, 1.08977690e-02, 1.76440060e-02,
       3.11364800e-03, 1.21086300e-03, 0.00000000e+00, 5.19000000e-04,
       8.65000000e-04, 5.19000000e-04, 0.00000000e+00])]
Common Instance for Type-1 Error
{34, 68, 40, 11, 111, 49, 18, 82, 87, 29, 62}
Common Instance for Type-2 Error
set()