KNN
Confusion Matrix:
 [[25 16]
 [15 63]]

Type-1 Error Instance:
[array([0.23934771, 0.        , 0.        , 0.00473435, 0.        ,
       0.        , 0.        , 0.07785376, 0.00105208, 0.00105208,
       0.        , 0.        , 0.02314571, 0.0026302 , 0.00578643,
       0.00420831, 0.00841662, 0.01104682, 0.00736455, 0.00420831,
       0.00315623, 0.0026302 , 0.00894266, 0.00105208, 0.        ,
       0.00473435, 0.02577591, 0.00315623, 0.        , 0.00526039,
       0.        , 0.        , 0.        , 0.00157812, 0.00631247,
       0.        , 0.00420831, 0.        , 0.00526039, 0.        ,
       0.00105208, 0.00473435, 0.        , 0.        , 0.00526039,
       0.        , 0.        , 0.00105208, 0.        , 0.        ,
       0.        , 0.01104682, 0.00578643, 0.00105208, 0.        ,
       0.00105208, 0.        , 0.        , 0.        , 0.        ,
       0.        , 0.        , 0.        , 0.00473435, 0.        ,
       0.03629669, 0.0094687 , 0.02893214, 0.01735928, 0.04471331,
       0.01104682, 0.01052078, 0.01157286, 0.03208838, 0.        ,
       0.01052078, 0.02472383, 0.00683851, 0.04208311, 0.05470805,
       0.01525513, 0.        , 0.03892688, 0.01367701, 0.04260915,
       0.0120989 , 0.00368227, 0.0026302 , 0.0026302 , 0.00210416,
       0.00578643, 0.00315623, 0.        , 0.0026302 , 0.        ]), array([3.14978351e-01, 7.61000000e-04, 1.54541950e-02, 5.47000000e-04,
       7.18000000e-04, 3.08012170e-02, 1.07171900e-03, 8.61662500e-03,
       3.32233000e-03, 3.32233000e-03, 2.14000000e-05, 2.31491400e-03,
       5.89000000e-04, 6.61250900e-03, 6.63394300e-03, 1.63865910e-02,
       1.01599010e-02, 1.38466160e-02, 6.49462000e-03, 6.61250900e-03,
       7.15908600e-03, 6.00162900e-03, 4.65126200e-03, 6.23740700e-03,
       2.19273800e-02, 1.25927040e-02, 2.57212700e-03, 3.85819000e-03,
       7.56633900e-03, 1.33214730e-02, 7.73781500e-03, 6.22000000e-04,
       0.00000000e+00, 1.36108370e-02, 3.62241200e-03, 4.98349600e-03,
       1.69546020e-02, 2.27204500e-03, 1.85407500e-03, 2.02555000e-03,
       1.38251800e-03, 3.10798600e-03, 5.36000000e-05, 1.06100200e-03,
       2.40065200e-03, 1.43610400e-03, 8.36000000e-04, 1.38251800e-03,
       1.33964900e-03, 1.07000000e-04, 1.91837800e-03, 2.85077400e-03,
       5.62652700e-03, 9.54000000e-04, 1.13602300e-03, 3.32000000e-04,
       2.68000000e-04, 3.22000000e-05, 8.57000000e-05, 5.47000000e-04,
       3.43000000e-04, 5.47000000e-04, 0.00000000e+00, 1.03313760e-02,
       0.00000000e+00, 2.25704120e-02, 3.25802700e-03, 9.74193000e-03,
       1.33429070e-02, 2.24525230e-02, 5.12281900e-03, 6.49462000e-03,
       7.53418800e-03, 1.99446990e-02, 1.20032600e-03, 2.42208600e-03,
       1.62258330e-02, 7.44845000e-03, 1.30321090e-02, 1.16924590e-02,
       7.58777400e-03, 1.39000000e-04, 1.38894840e-02, 1.62151160e-02,
       2.16916020e-02, 3.99751400e-03, 5.21927400e-03, 4.80130300e-03,
       1.88622600e-03, 1.84335700e-03, 1.93000000e-04, 9.11000000e-04,
       7.50000000e-05, 8.90000000e-04, 8.57000000e-05]), array([0.10349482, 0.0003    , 0.0179991 , 0.00164992, 0.        ,
       0.        , 0.00179991, 0.        , 0.0006    , 0.0006    ,
       0.        , 0.        , 0.00389981, 0.00689966, 0.00914954,
       0.01304935, 0.00239988, 0.0059997 , 0.00374981, 0.00269987,
       0.00134993, 0.00119994, 0.00075   , 0.00075   , 0.0019499 ,
       0.0006    , 0.0019499 , 0.00179991, 0.01379931, 0.00899955,
       0.01379931, 0.00015   , 0.        , 0.00045   , 0.00149993,
       0.00359982, 0.00045   , 0.        , 0.0006    , 0.00015   ,
       0.        , 0.00015   , 0.00045   , 0.0020999 , 0.        ,
       0.0003    , 0.00045   , 0.00104995, 0.00299985, 0.        ,
       0.00015   , 0.0009    , 0.00119994, 0.        , 0.        ,
       0.0009    , 0.        , 0.        , 0.00134993, 0.0003    ,
       0.        , 0.0003    , 0.        , 0.00224989, 0.        ,
       0.06734663, 0.00929953, 0.03029849, 0.02384881, 0.05564722,
       0.00494975, 0.00959952, 0.01184941, 0.05699715, 0.01484926,
       0.01784911, 0.02354882, 0.02069896, 0.03554822, 0.04514774,
       0.02414879, 0.00015   , 0.03329833, 0.03914804, 0.04574771,
       0.01364932, 0.00434978, 0.02954852, 0.00104995, 0.02564872,
       0.02819859, 0.        , 0.        , 0.        , 0.        ]), array([1.7142518e-01, 1.9785900e-04, 4.7881918e-02, 4.9464800e-04,
       0.0000000e+00, 1.1871550e-03, 3.7197520e-03, 5.1443400e-04,
       3.7593200e-04, 3.7593200e-04, 0.0000000e+00, 1.3850100e-04,
       1.3454420e-03, 2.9283160e-03, 1.1396688e-02, 2.8313646e-02,
       1.0664609e-02, 4.2539720e-03, 1.4641580e-03, 1.2465130e-03,
       1.3256560e-03, 1.1475830e-03, 6.9250700e-04, 7.9143700e-04,
       2.9678900e-04, 3.1657500e-04, 4.5309750e-03, 4.6299040e-03,
       2.5879979e-02, 2.4494964e-02, 2.5879979e-02, 1.3850100e-04,
       1.9800000e-05, 1.7609470e-03, 2.4930250e-03, 2.1368790e-03,
       8.3100800e-04, 1.2662990e-03, 8.1122300e-04, 2.5721700e-04,
       1.5235160e-03, 1.1277970e-03, 9.8900000e-05, 5.9400000e-05,
       1.1673690e-03, 8.9036600e-04, 1.1277970e-03, 8.7058000e-04,
       1.3652280e-03, 1.1871500e-04, 1.4245860e-03, 2.1368790e-03,
       2.7898140e-03, 5.9357700e-04, 3.5614600e-04, 7.9100000e-05,
       1.7807300e-04, 7.9100000e-05, 1.9800000e-05, 9.8900000e-05,
       0.0000000e+00, 9.8900000e-05, 0.0000000e+00, 2.1368790e-03,
       0.0000000e+00, 4.8119349e-02, 1.5769375e-02, 3.0312024e-02,
       2.2160226e-02, 4.1530638e-02, 5.1047660e-03, 1.6362953e-02,
       1.8024970e-02, 3.6920520e-02, 1.2267270e-03, 1.4839440e-03,
       3.7810886e-02, 1.2445341e-02, 3.5456362e-02, 3.6010368e-02,
       1.5472587e-02, 4.9464800e-04, 2.9560159e-02, 2.4514750e-02,
       5.9614966e-02, 7.5582200e-03, 8.2111550e-03, 1.3493995e-02,
       1.5828730e-03, 2.4930250e-03, 1.7213750e-03, 3.9600000e-05,
       2.7700300e-04, 3.9600000e-05, 0.0000000e+00])]
Type-2 Error Instance:
[array([0.06204621, 0.00330033, 0.03828383, 0.        , 0.        ,
       0.0019802 , 0.00132013, 0.00264026, 0.00066   , 0.00066   ,
       0.        , 0.        , 0.00132013, 0.01452145, 0.01650165,
       0.0310231 , 0.00792079, 0.00528053, 0.00594059, 0.0019802 ,
       0.00264026, 0.00132013, 0.00066   , 0.00132013, 0.00264026,
       0.00066   , 0.00528053, 0.00594059, 0.0330033 , 0.02310231,
       0.0330033 , 0.        , 0.        , 0.00066   , 0.        ,
       0.0019802 , 0.        , 0.00066   , 0.00066   , 0.        ,
       0.00066   , 0.00330033, 0.        , 0.        , 0.00066   ,
       0.        , 0.        , 0.        , 0.00264026, 0.        ,
       0.00066   , 0.00132013, 0.00066   , 0.        , 0.00132013,
       0.        , 0.        , 0.        , 0.        , 0.00264026,
       0.        , 0.00264026, 0.        , 0.01122112, 0.        ,
       0.05412541, 0.01188119, 0.03234323, 0.02442244, 0.04818482,
       0.00990099, 0.01650165, 0.01980198, 0.03168317, 0.0039604 ,
       0.0039604 , 0.02376238, 0.01650165, 0.02310231, 0.02376238,
       0.02574257, 0.        , 0.04686469, 0.03366337, 0.06468647,
       0.00726073, 0.01782178, 0.01584158, 0.00066   , 0.00594059,
       0.        , 0.        , 0.        , 0.        , 0.        ]), array([0.15871048, 0.        , 0.04091754, 0.        , 0.        ,
       0.        , 0.00123993, 0.        , 0.        , 0.        ,
       0.        , 0.        , 0.        , 0.01797892, 0.01239926,
       0.03409795, 0.00185989, 0.00062   , 0.00123993, 0.00681959,
       0.        , 0.        , 0.        , 0.        , 0.        ,
       0.        , 0.00247985, 0.00123993, 0.04215747, 0.02293862,
       0.04215747, 0.00123993, 0.        , 0.00062   , 0.00062   ,
       0.00062   , 0.00062   , 0.        , 0.        , 0.        ,
       0.00062   , 0.        , 0.        , 0.        , 0.00062   ,
       0.        , 0.        , 0.00247985, 0.00371978, 0.        ,
       0.        , 0.00123993, 0.        , 0.        , 0.        ,
       0.        , 0.        , 0.        , 0.        , 0.        ,
       0.        , 0.        , 0.        , 0.00185989, 0.        ,
       0.05579665, 0.00681959, 0.03595784, 0.01983881, 0.05269684,
       0.01239926, 0.01859888, 0.03595784, 0.05455673, 0.00185989,
       0.00123993, 0.03285803, 0.01425914, 0.03223807, 0.02789833,
       0.03223807, 0.        , 0.04897706, 0.03347799, 0.04277743,
       0.00805952, 0.01239926, 0.00619963, 0.0049597 , 0.00619963,
       0.00062   , 0.        , 0.        , 0.        , 0.        ]), array([0.10468042, 0.        , 0.07146452, 0.00100654, 0.        ,
       0.000503  , 0.000503  , 0.        , 0.        , 0.        ,
       0.        , 0.        , 0.00301963, 0.0070458 , 0.01006542,
       0.03019628, 0.02113739, 0.0035229 , 0.00452944, 0.00201308,
       0.00402617, 0.0035229 , 0.00452944, 0.0105687 , 0.00654253,
       0.00201308, 0.0035229 , 0.000503  , 0.02617011, 0.0367388 ,
       0.02617011, 0.        , 0.        , 0.00100654, 0.00201308,
       0.00100654, 0.00301963, 0.00201308, 0.        , 0.        ,
       0.        , 0.        , 0.        , 0.        , 0.        ,
       0.        , 0.        , 0.        , 0.        , 0.        ,
       0.        , 0.        , 0.        , 0.        , 0.        ,
       0.        , 0.        , 0.        , 0.        , 0.        ,
       0.        , 0.        , 0.        , 0.        , 0.        ,
       0.05988928, 0.01912431, 0.03220936, 0.03271263, 0.06089582,
       0.01157524, 0.02617011, 0.03120282, 0.04177152, 0.0035229 ,
       0.00251636, 0.04076497, 0.02214394, 0.02315048, 0.02315048,
       0.02315048, 0.00301963, 0.02365375, 0.03170609, 0.04982386,
       0.01157524, 0.0070458 , 0.01811777, 0.00150981, 0.00654253,
       0.        , 0.        , 0.        , 0.        , 0.        ]), array([5.6111035e-02, 4.3500000e-04, 2.1736134e-02, 1.0072840e-03,
       0.0000000e+00, 2.7080042e-02, 7.9840530e-03, 5.4181290e-03,
       1.6858760e-03, 1.7070820e-03, 0.0000000e+00, 2.1312010e-03,
       1.2935650e-03, 8.7156600e-03, 1.1408820e-02, 2.8426622e-02,
       3.0600235e-02, 7.5917420e-03, 2.7535971e-02, 4.7289350e-03,
       2.9476320e-03, 2.7885870e-03, 1.4208010e-03, 2.5129090e-03,
       4.8561700e-03, 3.6262230e-03, 5.6301890e-03, 9.8501800e-03,
       1.5575795e-02, 1.9870007e-02, 1.5575795e-02, 8.2700000e-04,
       5.3000000e-05, 3.7322530e-03, 1.2617560e-03, 2.1948190e-03,
       2.3538640e-03, 6.6800000e-04, 6.7900000e-04, 2.8600000e-04,
       8.6900000e-04, 6.6800000e-04, 4.2400000e-05, 4.2400000e-05,
       8.2700000e-04, 1.4800000e-04, 3.3900000e-04, 4.2400000e-04,
       4.6700000e-04, 2.1200000e-05, 9.3300000e-04, 2.4704970e-03,
       5.7300000e-04, 1.4800000e-04, 1.1663290e-03, 1.3800000e-04,
       2.1200000e-05, 0.0000000e+00, 2.1200000e-05, 7.5300000e-04,
       0.0000000e+00, 7.5300000e-04, 0.0000000e+00, 3.0112500e-03,
       0.0000000e+00, 6.6480761e-02, 8.3869670e-03, 3.0589632e-02,
       1.5946900e-02, 6.8336284e-02, 1.5384942e-02, 1.4971425e-02,
       1.9986640e-02, 5.4817469e-02, 7.5300000e-04, 5.1742600e-03,
       3.5233743e-02, 1.9657947e-02, 3.0971340e-02, 3.6251630e-02,
       2.4789796e-02, 5.6200000e-04, 4.8699543e-02, 3.1999830e-02,
       5.8274045e-02, 8.9383220e-03, 6.6480760e-03, 1.5915091e-02,
       1.6752730e-03, 7.3054620e-03, 3.8382830e-03, 3.5000000e-04,
       2.2300000e-04, 3.5000000e-04, 0.0000000e+00])]SVM with linear kernel
Confusion Matrix:
 [[ 0 41]
 [ 0 78]]

Type-1 Error Instance:
[array([0.23934771, 0.        , 0.        , 0.00473435, 0.        ,
       0.        , 0.        , 0.07785376, 0.00105208, 0.00105208,
       0.        , 0.        , 0.02314571, 0.0026302 , 0.00578643,
       0.00420831, 0.00841662, 0.01104682, 0.00736455, 0.00420831,
       0.00315623, 0.0026302 , 0.00894266, 0.00105208, 0.        ,
       0.00473435, 0.02577591, 0.00315623, 0.        , 0.00526039,
       0.        , 0.        , 0.        , 0.00157812, 0.00631247,
       0.        , 0.00420831, 0.        , 0.00526039, 0.        ,
       0.00105208, 0.00473435, 0.        , 0.        , 0.00526039,
       0.        , 0.        , 0.00105208, 0.        , 0.        ,
       0.        , 0.01104682, 0.00578643, 0.00105208, 0.        ,
       0.00105208, 0.        , 0.        , 0.        , 0.        ,
       0.        , 0.        , 0.        , 0.00473435, 0.        ,
       0.03629669, 0.0094687 , 0.02893214, 0.01735928, 0.04471331,
       0.01104682, 0.01052078, 0.01157286, 0.03208838, 0.        ,
       0.01052078, 0.02472383, 0.00683851, 0.04208311, 0.05470805,
       0.01525513, 0.        , 0.03892688, 0.01367701, 0.04260915,
       0.0120989 , 0.00368227, 0.0026302 , 0.0026302 , 0.00210416,
       0.00578643, 0.00315623, 0.        , 0.0026302 , 0.        ]), array([3.14978351e-01, 7.61000000e-04, 1.54541950e-02, 5.47000000e-04,
       7.18000000e-04, 3.08012170e-02, 1.07171900e-03, 8.61662500e-03,
       3.32233000e-03, 3.32233000e-03, 2.14000000e-05, 2.31491400e-03,
       5.89000000e-04, 6.61250900e-03, 6.63394300e-03, 1.63865910e-02,
       1.01599010e-02, 1.38466160e-02, 6.49462000e-03, 6.61250900e-03,
       7.15908600e-03, 6.00162900e-03, 4.65126200e-03, 6.23740700e-03,
       2.19273800e-02, 1.25927040e-02, 2.57212700e-03, 3.85819000e-03,
       7.56633900e-03, 1.33214730e-02, 7.73781500e-03, 6.22000000e-04,
       0.00000000e+00, 1.36108370e-02, 3.62241200e-03, 4.98349600e-03,
       1.69546020e-02, 2.27204500e-03, 1.85407500e-03, 2.02555000e-03,
       1.38251800e-03, 3.10798600e-03, 5.36000000e-05, 1.06100200e-03,
       2.40065200e-03, 1.43610400e-03, 8.36000000e-04, 1.38251800e-03,
       1.33964900e-03, 1.07000000e-04, 1.91837800e-03, 2.85077400e-03,
       5.62652700e-03, 9.54000000e-04, 1.13602300e-03, 3.32000000e-04,
       2.68000000e-04, 3.22000000e-05, 8.57000000e-05, 5.47000000e-04,
       3.43000000e-04, 5.47000000e-04, 0.00000000e+00, 1.03313760e-02,
       0.00000000e+00, 2.25704120e-02, 3.25802700e-03, 9.74193000e-03,
       1.33429070e-02, 2.24525230e-02, 5.12281900e-03, 6.49462000e-03,
       7.53418800e-03, 1.99446990e-02, 1.20032600e-03, 2.42208600e-03,
       1.62258330e-02, 7.44845000e-03, 1.30321090e-02, 1.16924590e-02,
       7.58777400e-03, 1.39000000e-04, 1.38894840e-02, 1.62151160e-02,
       2.16916020e-02, 3.99751400e-03, 5.21927400e-03, 4.80130300e-03,
       1.88622600e-03, 1.84335700e-03, 1.93000000e-04, 9.11000000e-04,
       7.50000000e-05, 8.90000000e-04, 8.57000000e-05]), array([0.10349482, 0.0003    , 0.0179991 , 0.00164992, 0.        ,
       0.        , 0.00179991, 0.        , 0.0006    , 0.0006    ,
       0.        , 0.        , 0.00389981, 0.00689966, 0.00914954,
       0.01304935, 0.00239988, 0.0059997 , 0.00374981, 0.00269987,
       0.00134993, 0.00119994, 0.00075   , 0.00075   , 0.0019499 ,
       0.0006    , 0.0019499 , 0.00179991, 0.01379931, 0.00899955,
       0.01379931, 0.00015   , 0.        , 0.00045   , 0.00149993,
       0.00359982, 0.00045   , 0.        , 0.0006    , 0.00015   ,
       0.        , 0.00015   , 0.00045   , 0.0020999 , 0.        ,
       0.0003    , 0.00045   , 0.00104995, 0.00299985, 0.        ,
       0.00015   , 0.0009    , 0.00119994, 0.        , 0.        ,
       0.0009    , 0.        , 0.        , 0.00134993, 0.0003    ,
       0.        , 0.0003    , 0.        , 0.00224989, 0.        ,
       0.06734663, 0.00929953, 0.03029849, 0.02384881, 0.05564722,
       0.00494975, 0.00959952, 0.01184941, 0.05699715, 0.01484926,
       0.01784911, 0.02354882, 0.02069896, 0.03554822, 0.04514774,
       0.02414879, 0.00015   , 0.03329833, 0.03914804, 0.04574771,
       0.01364932, 0.00434978, 0.02954852, 0.00104995, 0.02564872,
       0.02819859, 0.        , 0.        , 0.        , 0.        ]), array([1.7142518e-01, 1.9785900e-04, 4.7881918e-02, 4.9464800e-04,
       0.0000000e+00, 1.1871550e-03, 3.7197520e-03, 5.1443400e-04,
       3.7593200e-04, 3.7593200e-04, 0.0000000e+00, 1.3850100e-04,
       1.3454420e-03, 2.9283160e-03, 1.1396688e-02, 2.8313646e-02,
       1.0664609e-02, 4.2539720e-03, 1.4641580e-03, 1.2465130e-03,
       1.3256560e-03, 1.1475830e-03, 6.9250700e-04, 7.9143700e-04,
       2.9678900e-04, 3.1657500e-04, 4.5309750e-03, 4.6299040e-03,
       2.5879979e-02, 2.4494964e-02, 2.5879979e-02, 1.3850100e-04,
       1.9800000e-05, 1.7609470e-03, 2.4930250e-03, 2.1368790e-03,
       8.3100800e-04, 1.2662990e-03, 8.1122300e-04, 2.5721700e-04,
       1.5235160e-03, 1.1277970e-03, 9.8900000e-05, 5.9400000e-05,
       1.1673690e-03, 8.9036600e-04, 1.1277970e-03, 8.7058000e-04,
       1.3652280e-03, 1.1871500e-04, 1.4245860e-03, 2.1368790e-03,
       2.7898140e-03, 5.9357700e-04, 3.5614600e-04, 7.9100000e-05,
       1.7807300e-04, 7.9100000e-05, 1.9800000e-05, 9.8900000e-05,
       0.0000000e+00, 9.8900000e-05, 0.0000000e+00, 2.1368790e-03,
       0.0000000e+00, 4.8119349e-02, 1.5769375e-02, 3.0312024e-02,
       2.2160226e-02, 4.1530638e-02, 5.1047660e-03, 1.6362953e-02,
       1.8024970e-02, 3.6920520e-02, 1.2267270e-03, 1.4839440e-03,
       3.7810886e-02, 1.2445341e-02, 3.5456362e-02, 3.6010368e-02,
       1.5472587e-02, 4.9464800e-04, 2.9560159e-02, 2.4514750e-02,
       5.9614966e-02, 7.5582200e-03, 8.2111550e-03, 1.3493995e-02,
       1.5828730e-03, 2.4930250e-03, 1.7213750e-03, 3.9600000e-05,
       2.7700300e-04, 3.9600000e-05, 0.0000000e+00])]
Type-2 Error Instance:
[]SVM with RBF kernel
Confusion Matrix:
 [[ 5 36]
 [ 0 78]]

Type-1 Error Instance:
[array([0.23934771, 0.        , 0.        , 0.00473435, 0.        ,
       0.        , 0.        , 0.07785376, 0.00105208, 0.00105208,
       0.        , 0.        , 0.02314571, 0.0026302 , 0.00578643,
       0.00420831, 0.00841662, 0.01104682, 0.00736455, 0.00420831,
       0.00315623, 0.0026302 , 0.00894266, 0.00105208, 0.        ,
       0.00473435, 0.02577591, 0.00315623, 0.        , 0.00526039,
       0.        , 0.        , 0.        , 0.00157812, 0.00631247,
       0.        , 0.00420831, 0.        , 0.00526039, 0.        ,
       0.00105208, 0.00473435, 0.        , 0.        , 0.00526039,
       0.        , 0.        , 0.00105208, 0.        , 0.        ,
       0.        , 0.01104682, 0.00578643, 0.00105208, 0.        ,
       0.00105208, 0.        , 0.        , 0.        , 0.        ,
       0.        , 0.        , 0.        , 0.00473435, 0.        ,
       0.03629669, 0.0094687 , 0.02893214, 0.01735928, 0.04471331,
       0.01104682, 0.01052078, 0.01157286, 0.03208838, 0.        ,
       0.01052078, 0.02472383, 0.00683851, 0.04208311, 0.05470805,
       0.01525513, 0.        , 0.03892688, 0.01367701, 0.04260915,
       0.0120989 , 0.00368227, 0.0026302 , 0.0026302 , 0.00210416,
       0.00578643, 0.00315623, 0.        , 0.0026302 , 0.        ]), array([3.14978351e-01, 7.61000000e-04, 1.54541950e-02, 5.47000000e-04,
       7.18000000e-04, 3.08012170e-02, 1.07171900e-03, 8.61662500e-03,
       3.32233000e-03, 3.32233000e-03, 2.14000000e-05, 2.31491400e-03,
       5.89000000e-04, 6.61250900e-03, 6.63394300e-03, 1.63865910e-02,
       1.01599010e-02, 1.38466160e-02, 6.49462000e-03, 6.61250900e-03,
       7.15908600e-03, 6.00162900e-03, 4.65126200e-03, 6.23740700e-03,
       2.19273800e-02, 1.25927040e-02, 2.57212700e-03, 3.85819000e-03,
       7.56633900e-03, 1.33214730e-02, 7.73781500e-03, 6.22000000e-04,
       0.00000000e+00, 1.36108370e-02, 3.62241200e-03, 4.98349600e-03,
       1.69546020e-02, 2.27204500e-03, 1.85407500e-03, 2.02555000e-03,
       1.38251800e-03, 3.10798600e-03, 5.36000000e-05, 1.06100200e-03,
       2.40065200e-03, 1.43610400e-03, 8.36000000e-04, 1.38251800e-03,
       1.33964900e-03, 1.07000000e-04, 1.91837800e-03, 2.85077400e-03,
       5.62652700e-03, 9.54000000e-04, 1.13602300e-03, 3.32000000e-04,
       2.68000000e-04, 3.22000000e-05, 8.57000000e-05, 5.47000000e-04,
       3.43000000e-04, 5.47000000e-04, 0.00000000e+00, 1.03313760e-02,
       0.00000000e+00, 2.25704120e-02, 3.25802700e-03, 9.74193000e-03,
       1.33429070e-02, 2.24525230e-02, 5.12281900e-03, 6.49462000e-03,
       7.53418800e-03, 1.99446990e-02, 1.20032600e-03, 2.42208600e-03,
       1.62258330e-02, 7.44845000e-03, 1.30321090e-02, 1.16924590e-02,
       7.58777400e-03, 1.39000000e-04, 1.38894840e-02, 1.62151160e-02,
       2.16916020e-02, 3.99751400e-03, 5.21927400e-03, 4.80130300e-03,
       1.88622600e-03, 1.84335700e-03, 1.93000000e-04, 9.11000000e-04,
       7.50000000e-05, 8.90000000e-04, 8.57000000e-05]), array([0.10349482, 0.0003    , 0.0179991 , 0.00164992, 0.        ,
       0.        , 0.00179991, 0.        , 0.0006    , 0.0006    ,
       0.        , 0.        , 0.00389981, 0.00689966, 0.00914954,
       0.01304935, 0.00239988, 0.0059997 , 0.00374981, 0.00269987,
       0.00134993, 0.00119994, 0.00075   , 0.00075   , 0.0019499 ,
       0.0006    , 0.0019499 , 0.00179991, 0.01379931, 0.00899955,
       0.01379931, 0.00015   , 0.        , 0.00045   , 0.00149993,
       0.00359982, 0.00045   , 0.        , 0.0006    , 0.00015   ,
       0.        , 0.00015   , 0.00045   , 0.0020999 , 0.        ,
       0.0003    , 0.00045   , 0.00104995, 0.00299985, 0.        ,
       0.00015   , 0.0009    , 0.00119994, 0.        , 0.        ,
       0.0009    , 0.        , 0.        , 0.00134993, 0.0003    ,
       0.        , 0.0003    , 0.        , 0.00224989, 0.        ,
       0.06734663, 0.00929953, 0.03029849, 0.02384881, 0.05564722,
       0.00494975, 0.00959952, 0.01184941, 0.05699715, 0.01484926,
       0.01784911, 0.02354882, 0.02069896, 0.03554822, 0.04514774,
       0.02414879, 0.00015   , 0.03329833, 0.03914804, 0.04574771,
       0.01364932, 0.00434978, 0.02954852, 0.00104995, 0.02564872,
       0.02819859, 0.        , 0.        , 0.        , 0.        ]), array([1.7142518e-01, 1.9785900e-04, 4.7881918e-02, 4.9464800e-04,
       0.0000000e+00, 1.1871550e-03, 3.7197520e-03, 5.1443400e-04,
       3.7593200e-04, 3.7593200e-04, 0.0000000e+00, 1.3850100e-04,
       1.3454420e-03, 2.9283160e-03, 1.1396688e-02, 2.8313646e-02,
       1.0664609e-02, 4.2539720e-03, 1.4641580e-03, 1.2465130e-03,
       1.3256560e-03, 1.1475830e-03, 6.9250700e-04, 7.9143700e-04,
       2.9678900e-04, 3.1657500e-04, 4.5309750e-03, 4.6299040e-03,
       2.5879979e-02, 2.4494964e-02, 2.5879979e-02, 1.3850100e-04,
       1.9800000e-05, 1.7609470e-03, 2.4930250e-03, 2.1368790e-03,
       8.3100800e-04, 1.2662990e-03, 8.1122300e-04, 2.5721700e-04,
       1.5235160e-03, 1.1277970e-03, 9.8900000e-05, 5.9400000e-05,
       1.1673690e-03, 8.9036600e-04, 1.1277970e-03, 8.7058000e-04,
       1.3652280e-03, 1.1871500e-04, 1.4245860e-03, 2.1368790e-03,
       2.7898140e-03, 5.9357700e-04, 3.5614600e-04, 7.9100000e-05,
       1.7807300e-04, 7.9100000e-05, 1.9800000e-05, 9.8900000e-05,
       0.0000000e+00, 9.8900000e-05, 0.0000000e+00, 2.1368790e-03,
       0.0000000e+00, 4.8119349e-02, 1.5769375e-02, 3.0312024e-02,
       2.2160226e-02, 4.1530638e-02, 5.1047660e-03, 1.6362953e-02,
       1.8024970e-02, 3.6920520e-02, 1.2267270e-03, 1.4839440e-03,
       3.7810886e-02, 1.2445341e-02, 3.5456362e-02, 3.6010368e-02,
       1.5472587e-02, 4.9464800e-04, 2.9560159e-02, 2.4514750e-02,
       5.9614966e-02, 7.5582200e-03, 8.2111550e-03, 1.3493995e-02,
       1.5828730e-03, 2.4930250e-03, 1.7213750e-03, 3.9600000e-05,
       2.7700300e-04, 3.9600000e-05, 0.0000000e+00])]
Type-2 Error Instance:
[]MLP
Confusion Matrix:
 [[17 24]
 [ 5 73]]

Type-1 Error Instance:
[array([0.23934771, 0.        , 0.        , 0.00473435, 0.        ,
       0.        , 0.        , 0.07785376, 0.00105208, 0.00105208,
       0.        , 0.        , 0.02314571, 0.0026302 , 0.00578643,
       0.00420831, 0.00841662, 0.01104682, 0.00736455, 0.00420831,
       0.00315623, 0.0026302 , 0.00894266, 0.00105208, 0.        ,
       0.00473435, 0.02577591, 0.00315623, 0.        , 0.00526039,
       0.        , 0.        , 0.        , 0.00157812, 0.00631247,
       0.        , 0.00420831, 0.        , 0.00526039, 0.        ,
       0.00105208, 0.00473435, 0.        , 0.        , 0.00526039,
       0.        , 0.        , 0.00105208, 0.        , 0.        ,
       0.        , 0.01104682, 0.00578643, 0.00105208, 0.        ,
       0.00105208, 0.        , 0.        , 0.        , 0.        ,
       0.        , 0.        , 0.        , 0.00473435, 0.        ,
       0.03629669, 0.0094687 , 0.02893214, 0.01735928, 0.04471331,
       0.01104682, 0.01052078, 0.01157286, 0.03208838, 0.        ,
       0.01052078, 0.02472383, 0.00683851, 0.04208311, 0.05470805,
       0.01525513, 0.        , 0.03892688, 0.01367701, 0.04260915,
       0.0120989 , 0.00368227, 0.0026302 , 0.0026302 , 0.00210416,
       0.00578643, 0.00315623, 0.        , 0.0026302 , 0.        ]), array([0.10349482, 0.0003    , 0.0179991 , 0.00164992, 0.        ,
       0.        , 0.00179991, 0.        , 0.0006    , 0.0006    ,
       0.        , 0.        , 0.00389981, 0.00689966, 0.00914954,
       0.01304935, 0.00239988, 0.0059997 , 0.00374981, 0.00269987,
       0.00134993, 0.00119994, 0.00075   , 0.00075   , 0.0019499 ,
       0.0006    , 0.0019499 , 0.00179991, 0.01379931, 0.00899955,
       0.01379931, 0.00015   , 0.        , 0.00045   , 0.00149993,
       0.00359982, 0.00045   , 0.        , 0.0006    , 0.00015   ,
       0.        , 0.00015   , 0.00045   , 0.0020999 , 0.        ,
       0.0003    , 0.00045   , 0.00104995, 0.00299985, 0.        ,
       0.00015   , 0.0009    , 0.00119994, 0.        , 0.        ,
       0.0009    , 0.        , 0.        , 0.00134993, 0.0003    ,
       0.        , 0.0003    , 0.        , 0.00224989, 0.        ,
       0.06734663, 0.00929953, 0.03029849, 0.02384881, 0.05564722,
       0.00494975, 0.00959952, 0.01184941, 0.05699715, 0.01484926,
       0.01784911, 0.02354882, 0.02069896, 0.03554822, 0.04514774,
       0.02414879, 0.00015   , 0.03329833, 0.03914804, 0.04574771,
       0.01364932, 0.00434978, 0.02954852, 0.00104995, 0.02564872,
       0.02819859, 0.        , 0.        , 0.        , 0.        ]), array([1.7142518e-01, 1.9785900e-04, 4.7881918e-02, 4.9464800e-04,
       0.0000000e+00, 1.1871550e-03, 3.7197520e-03, 5.1443400e-04,
       3.7593200e-04, 3.7593200e-04, 0.0000000e+00, 1.3850100e-04,
       1.3454420e-03, 2.9283160e-03, 1.1396688e-02, 2.8313646e-02,
       1.0664609e-02, 4.2539720e-03, 1.4641580e-03, 1.2465130e-03,
       1.3256560e-03, 1.1475830e-03, 6.9250700e-04, 7.9143700e-04,
       2.9678900e-04, 3.1657500e-04, 4.5309750e-03, 4.6299040e-03,
       2.5879979e-02, 2.4494964e-02, 2.5879979e-02, 1.3850100e-04,
       1.9800000e-05, 1.7609470e-03, 2.4930250e-03, 2.1368790e-03,
       8.3100800e-04, 1.2662990e-03, 8.1122300e-04, 2.5721700e-04,
       1.5235160e-03, 1.1277970e-03, 9.8900000e-05, 5.9400000e-05,
       1.1673690e-03, 8.9036600e-04, 1.1277970e-03, 8.7058000e-04,
       1.3652280e-03, 1.1871500e-04, 1.4245860e-03, 2.1368790e-03,
       2.7898140e-03, 5.9357700e-04, 3.5614600e-04, 7.9100000e-05,
       1.7807300e-04, 7.9100000e-05, 1.9800000e-05, 9.8900000e-05,
       0.0000000e+00, 9.8900000e-05, 0.0000000e+00, 2.1368790e-03,
       0.0000000e+00, 4.8119349e-02, 1.5769375e-02, 3.0312024e-02,
       2.2160226e-02, 4.1530638e-02, 5.1047660e-03, 1.6362953e-02,
       1.8024970e-02, 3.6920520e-02, 1.2267270e-03, 1.4839440e-03,
       3.7810886e-02, 1.2445341e-02, 3.5456362e-02, 3.6010368e-02,
       1.5472587e-02, 4.9464800e-04, 2.9560159e-02, 2.4514750e-02,
       5.9614966e-02, 7.5582200e-03, 8.2111550e-03, 1.3493995e-02,
       1.5828730e-03, 2.4930250e-03, 1.7213750e-03, 3.9600000e-05,
       2.7700300e-04, 3.9600000e-05, 0.0000000e+00]), array([5.3474989e-02, 0.0000000e+00, 3.3076583e-02, 1.7700000e-05,
       0.0000000e+00, 0.0000000e+00, 4.6000000e-04, 5.3100000e-05,
       7.4400000e-04, 7.0800000e-04, 0.0000000e+00, 0.0000000e+00,
       2.1071270e-03, 3.3820270e-03, 9.7211160e-03, 3.1819389e-02,
       1.3776007e-02, 9.8804780e-03, 8.9774240e-03, 5.3120850e-03,
       5.4360340e-03, 4.1434260e-03, 7.9700000e-04, 5.2235500e-03,
       4.0194780e-03, 3.0810090e-03, 3.3289070e-03, 4.6000000e-04,
       3.1235060e-02, 1.8787074e-02, 3.1235060e-02, 2.3019030e-03,
       0.0000000e+00, 1.3457280e-03, 3.0100000e-04, 4.4300000e-04,
       3.8424080e-03, 3.1164230e-03, 1.5936250e-03, 5.1400000e-04,
       3.0101810e-03, 2.7268700e-03, 6.0200000e-04, 9.0300000e-04,
       1.5227980e-03, 1.8061090e-03, 4.7800000e-04, 6.2000000e-04,
       5.0641880e-03, 0.0000000e+00, 2.6600000e-04, 8.8180610e-03,
       1.8946440e-03, 1.2749000e-03, 7.0800000e-05, 1.7700000e-04,
       0.0000000e+00, 1.4200000e-04, 0.0000000e+00, 0.0000000e+00,
       0.0000000e+00, 0.0000000e+00, 0.0000000e+00, 1.1049137e-02,
       0.0000000e+00, 5.4856131e-02, 1.0270031e-02, 1.5493581e-02,
       1.7512174e-02, 4.6215139e-02, 7.7910580e-03, 8.4108010e-03,
       2.0008853e-02, 3.7999115e-02, 3.5590970e-03, 1.2642762e-02,
       3.0579903e-02, 1.5564409e-02, 2.6489597e-02, 2.9251881e-02,
       2.5055334e-02, 1.4200000e-04, 2.3479416e-02, 4.9809650e-02,
       5.0057548e-02, 1.7653829e-02, 1.2908367e-02, 2.6029220e-03,
       5.0464810e-03, 6.4453300e-03, 5.4900000e-04, 0.0000000e+00,
       0.0000000e+00, 0.0000000e+00, 0.0000000e+00])]
Type-2 Error Instance:
[array([5.6111035e-02, 4.3500000e-04, 2.1736134e-02, 1.0072840e-03,
       0.0000000e+00, 2.7080042e-02, 7.9840530e-03, 5.4181290e-03,
       1.6858760e-03, 1.7070820e-03, 0.0000000e+00, 2.1312010e-03,
       1.2935650e-03, 8.7156600e-03, 1.1408820e-02, 2.8426622e-02,
       3.0600235e-02, 7.5917420e-03, 2.7535971e-02, 4.7289350e-03,
       2.9476320e-03, 2.7885870e-03, 1.4208010e-03, 2.5129090e-03,
       4.8561700e-03, 3.6262230e-03, 5.6301890e-03, 9.8501800e-03,
       1.5575795e-02, 1.9870007e-02, 1.5575795e-02, 8.2700000e-04,
       5.3000000e-05, 3.7322530e-03, 1.2617560e-03, 2.1948190e-03,
       2.3538640e-03, 6.6800000e-04, 6.7900000e-04, 2.8600000e-04,
       8.6900000e-04, 6.6800000e-04, 4.2400000e-05, 4.2400000e-05,
       8.2700000e-04, 1.4800000e-04, 3.3900000e-04, 4.2400000e-04,
       4.6700000e-04, 2.1200000e-05, 9.3300000e-04, 2.4704970e-03,
       5.7300000e-04, 1.4800000e-04, 1.1663290e-03, 1.3800000e-04,
       2.1200000e-05, 0.0000000e+00, 2.1200000e-05, 7.5300000e-04,
       0.0000000e+00, 7.5300000e-04, 0.0000000e+00, 3.0112500e-03,
       0.0000000e+00, 6.6480761e-02, 8.3869670e-03, 3.0589632e-02,
       1.5946900e-02, 6.8336284e-02, 1.5384942e-02, 1.4971425e-02,
       1.9986640e-02, 5.4817469e-02, 7.5300000e-04, 5.1742600e-03,
       3.5233743e-02, 1.9657947e-02, 3.0971340e-02, 3.6251630e-02,
       2.4789796e-02, 5.6200000e-04, 4.8699543e-02, 3.1999830e-02,
       5.8274045e-02, 8.9383220e-03, 6.6480760e-03, 1.5915091e-02,
       1.6752730e-03, 7.3054620e-03, 3.8382830e-03, 3.5000000e-04,
       2.2300000e-04, 3.5000000e-04, 0.0000000e+00]), array([0.05686406, 0.00471063, 0.0948856 , 0.        , 0.        ,
       0.        , 0.        , 0.        , 0.        , 0.        ,
       0.        , 0.        , 0.        , 0.01884253, 0.00942126,
       0.04441454, 0.00504711, 0.00874832, 0.01312248, 0.00100942,
       0.00269179, 0.00370121, 0.00269179, 0.00201884, 0.00168237,
       0.00168237, 0.000336  , 0.        , 0.0333109 , 0.0474428 ,
       0.0333109 , 0.        , 0.        , 0.        , 0.        ,
       0.        , 0.        , 0.        , 0.        , 0.        ,
       0.        , 0.        , 0.        , 0.        , 0.        ,
       0.000336  , 0.        , 0.        , 0.        , 0.        ,
       0.        , 0.000336  , 0.00471063, 0.        , 0.        ,
       0.        , 0.        , 0.        , 0.        , 0.        ,
       0.        , 0.        , 0.        , 0.000673  , 0.        ,
       0.05013459, 0.01716016, 0.01816958, 0.03734859, 0.04374159,
       0.00807537, 0.04777927, 0.03297443, 0.05652759, 0.00437416,
       0.00269179, 0.025572  , 0.025572  , 0.02590848, 0.01648721,
       0.03061911, 0.        , 0.02086137, 0.03263795, 0.05820996,
       0.00201884, 0.0077389 , 0.00672948, 0.        , 0.000336  ,
       0.        , 0.        , 0.        , 0.        , 0.        ]), array([0.10371537, 0.000788  , 0.03597217, 0.000131  , 0.        ,
       0.        , 0.00118157, 0.00210056, 0.00328213, 0.00328213,
       0.        , 0.        , 0.00275699, 0.0204805 , 0.0124721 ,
       0.0303269 , 0.00617041, 0.00183799, 0.00525141, 0.000394  ,
       0.00144414, 0.000131  , 0.00262571, 0.        , 0.00288828,
       0.00262571, 0.00380727, 0.0044637 , 0.01759223, 0.01943022,
       0.01759223, 0.        , 0.        , 0.00866483, 0.00682683,
       0.00879611, 0.00512013, 0.00315085, 0.00262571, 0.00682683,
       0.000788  , 0.0035447 , 0.        , 0.00105028, 0.00643298,
       0.000656  , 0.00945254, 0.00945254, 0.        , 0.        ,
       0.00630169, 0.000788  , 0.0053827 , 0.00761455, 0.        ,
       0.000525  , 0.        , 0.00315085, 0.        , 0.000919  ,
       0.        , 0.000919  , 0.        , 0.00144414, 0.        ,
       0.04109229, 0.01129053, 0.02809505, 0.02100564, 0.04713142,
       0.01391624, 0.0213995 , 0.02034922, 0.03859787, 0.00485756,
       0.00315085, 0.03111461, 0.01759223, 0.02993304, 0.03662859,
       0.02546935, 0.000656  , 0.02284364, 0.03899173, 0.05461468,
       0.01851122, 0.00590784, 0.01877379, 0.00236314, 0.00498884,
       0.000263  , 0.000656  , 0.        , 0.000656  , 0.        ]), array([2.15301768e-01, 3.45458200e-03, 2.07274940e-02, 1.82889700e-03,
       2.84495000e-03, 1.01605000e-04, 1.01605000e-04, 8.94127200e-03,
       8.94127200e-03, 8.94127200e-03, 7.69152610e-02, 2.03211000e-04,
       4.26742500e-03, 2.56045520e-02, 1.05669580e-02, 1.98130460e-02,
       5.89311100e-03, 4.67384700e-03, 6.50274300e-03, 1.52408000e-03,
       1.42247500e-03, 1.21926400e-03, 1.01605400e-03, 9.14448000e-04,
       2.03210700e-03, 2.03211000e-04, 7.11237600e-03, 6.50274300e-03,
       2.09307050e-02, 1.08717740e-02, 2.10323110e-02, 1.01605000e-04,
       0.00000000e+00, 9.14448000e-04, 2.54013400e-03, 3.25137200e-03,
       1.11765900e-03, 1.93050200e-03, 1.32087000e-03, 0.00000000e+00,
       8.12843000e-04, 6.09632000e-04, 0.00000000e+00, 6.09632000e-04,
       9.14448000e-04, 6.09632000e-04, 1.11765900e-03, 1.21926400e-03,
       8.12843000e-04, 0.00000000e+00, 9.14448000e-04, 1.21926400e-03,
       1.93050200e-03, 7.11238000e-04, 6.09632000e-04, 5.08027000e-04,
       0.00000000e+00, 0.00000000e+00, 0.00000000e+00, 1.01605000e-04,
       0.00000000e+00, 1.01605000e-04, 0.00000000e+00, 4.06421500e-03,
       0.00000000e+00, 2.82462910e-02, 4.97866300e-03, 2.20483640e-02,
       2.73318430e-02, 3.71875640e-02, 8.63645600e-03, 8.23003500e-03,
       1.28022760e-02, 3.17008740e-02, 1.21926400e-03, 2.43852900e-03,
       2.60109730e-02, 1.17862220e-02, 2.30644180e-02, 2.86527130e-02,
       1.45295670e-02, 2.03211000e-04, 1.97114410e-02, 2.91607400e-02,
       3.28185330e-02, 1.11765900e-02, 1.27006710e-02, 5.58829500e-03,
       5.38508400e-03, 4.26742500e-03, 3.04816000e-04, 2.33692300e-03,
       1.01605000e-04, 2.33692300e-03, 0.00000000e+00])]
Common Instance for Type-1 Error
{65, 2, 68, 7, 8, 103, 15, 80, 51, 90, 63}
Common Instance for Type-2 Error
set()