KNN
Confusion Matrix:
 [[23  8]
 [25 63]]

Type-1 Error Instance:
[array([0.06067476, 0.000267  , 0.047473  , 0.00453394, 0.        ,
       0.0004    , 0.00653421, 0.00906788, 0.00186692, 0.00186692,
       0.        , 0.0004    , 0.00253367, 0.00506734, 0.01093479,
       0.0242699 , 0.00893453, 0.00560075, 0.0057341 , 0.00120016,
       0.0008    , 0.000667  , 0.00213362, 0.000267  , 0.00293372,
       0.000133  , 0.00213362, 0.01160155, 0.03067076, 0.03907188,
       0.03067076, 0.00226697, 0.        , 0.00133351, 0.00226697,
       0.00266702, 0.00253367, 0.00266702, 0.00520069, 0.        ,
       0.000933  , 0.000267  , 0.        , 0.        , 0.0004    ,
       0.000667  , 0.0004    , 0.000133  , 0.000267  , 0.        ,
       0.00120016, 0.00240032, 0.000667  , 0.0004    , 0.000533  ,
       0.000533  , 0.        , 0.000267  , 0.        , 0.        ,
       0.        , 0.        , 0.        , 0.000267  , 0.        ,
       0.05107348, 0.0182691 , 0.02933725, 0.03173757, 0.05934125,
       0.0237365 , 0.01306841, 0.01253501, 0.04053874, 0.        ,
       0.00426724, 0.01786905, 0.01280171, 0.0420056 , 0.0477397 ,
       0.01066809, 0.        , 0.05200693, 0.03667156, 0.06840912,
       0.02533671, 0.0062675 , 0.01893586, 0.000533  , 0.00493399,
       0.00453394, 0.        , 0.        , 0.        , 0.        ]), array([2.02795335e-01, 8.01000000e-04, 2.29680410e-02, 1.33535100e-03,
       0.00000000e+00, 1.78000000e-04, 8.90000000e-04, 2.67070200e-03,
       1.86949200e-03, 1.86949200e-03, 4.45000000e-04, 8.90000000e-05,
       4.09507700e-03, 1.14840200e-02, 6.85480300e-03, 7.21089600e-03,
       1.01486690e-02, 3.38289000e-03, 2.22558500e-03, 1.78046800e-03,
       4.45000000e-04, 3.91703000e-03, 8.01000000e-04, 3.56000000e-04,
       2.04753900e-03, 6.23000000e-04, 7.65601400e-03, 8.19015400e-03,
       2.05644080e-02, 1.15730440e-02, 2.06534320e-02, 1.78000000e-04,
       0.00000000e+00, 8.01000000e-04, 1.15730400e-03, 5.34000000e-04,
       1.24632800e-03, 1.06828100e-03, 1.60242100e-03, 2.67000000e-04,
       1.42437500e-03, 1.06828100e-03, 1.78000000e-04, 1.78000000e-04,
       1.33535100e-03, 4.45000000e-04, 5.34000000e-04, 1.51339800e-03,
       1.60242100e-03, 0.00000000e+00, 1.60242100e-03, 1.42437500e-03,
       1.95851500e-03, 0.00000000e+00, 9.79000000e-04, 5.34000000e-04,
       8.90000000e-05, 8.90000000e-05, 0.00000000e+00, 1.78000000e-04,
       0.00000000e+00, 0.00000000e+00, 0.00000000e+00, 3.02679600e-03,
       3.56000000e-04, 4.30873320e-02, 1.50449570e-02, 1.59351910e-02,
       2.67960470e-02, 6.12481080e-02, 1.47778870e-02, 2.74192110e-02,
       2.84874920e-02, 5.22567440e-02, 2.67000000e-04, 7.56699000e-03,
       2.80423750e-02, 1.41547230e-02, 3.84581140e-02, 4.03276060e-02,
       1.71815190e-02, 1.06828100e-03, 5.00311580e-02, 3.08911240e-02,
       5.78652190e-02, 9.43648200e-03, 3.82800700e-03, 8.99136500e-03,
       8.01210700e-03, 8.63527100e-03, 8.01000000e-04, 8.90000000e-05,
       0.00000000e+00, 0.00000000e+00, 0.00000000e+00]), array([0.02842882, 0.00499132, 0.02300347, 0.000217  , 0.00347222,
       0.01519097, 0.01388889, 0.00694444, 0.01497396, 0.01497396,
       0.        , 0.00651042, 0.01019965, 0.00173611, 0.02929688,
       0.01128472, 0.00694444, 0.00694444, 0.00716146, 0.00434028,
       0.00217014, 0.00260417, 0.00173611, 0.00108507, 0.00173611,
       0.00325521, 0.00824653, 0.01171875, 0.01736111, 0.03472222,
       0.01692708, 0.0015191 , 0.        , 0.00173611, 0.000651  ,
       0.00217014, 0.00173611, 0.00238715, 0.000868  , 0.000868  ,
       0.000434  , 0.00238715, 0.00130208, 0.000651  , 0.000434  ,
       0.00347222, 0.00434028, 0.00108507, 0.00238715, 0.000434  ,
       0.        , 0.000434  , 0.00390625, 0.00173611, 0.000868  ,
       0.00260417, 0.000651  , 0.00347222, 0.00347222, 0.00651042,
       0.        , 0.00651042, 0.        , 0.00672743, 0.        ,
       0.06510417, 0.01193576, 0.03298611, 0.02452257, 0.04383681,
       0.01844618, 0.00694444, 0.01584201, 0.03580729, 0.00368924,
       0.0093316 , 0.03320312, 0.01497396, 0.02430556, 0.02907986,
       0.0297309 , 0.000217  , 0.04123264, 0.03320312, 0.05295139,
       0.01736111, 0.0078125 , 0.0078125 , 0.00368924, 0.01085069,
       0.00260417, 0.00716146, 0.00260417, 0.00716146, 0.        ]), array([1.5878292e-01, 1.2784500e-04, 3.0938379e-02, 7.5428280e-03,
       0.0000000e+00, 1.0227560e-03, 2.5568900e-04, 2.5568900e-04,
       2.3012020e-03, 2.3012020e-03, 0.0000000e+00, 0.0000000e+00,
       4.9859370e-03, 9.3326510e-03, 1.0994631e-02, 1.5085656e-02,
       5.4973150e-03, 3.5796470e-03, 2.6847350e-03, 3.7074920e-03,
       2.8125800e-03, 2.6847350e-03, 0.0000000e+00, 2.5568900e-04,
       2.1733570e-03, 2.1733570e-03, 1.2784454e-02, 1.0994631e-02,
       2.5568908e-02, 9.0769620e-03, 2.5568908e-02, 2.5568900e-04,
       1.2784500e-04, 1.4062900e-03, 1.6619790e-03, 6.7757610e-03,
       3.8353400e-04, 1.1506010e-03, 2.6847350e-03, 1.2784450e-03,
       2.5568900e-04, 1.9176680e-03, 0.0000000e+00, 3.8353400e-04,
       1.2784500e-04, 1.9176680e-03, 1.1506010e-03, 3.0682690e-03,
       4.7302480e-03, 0.0000000e+00, 2.5568900e-04, 3.9631810e-03,
       3.4518030e-03, 6.3922300e-04, 1.1506010e-03, 8.9491200e-04,
       2.5568900e-04, 5.1137800e-04, 0.0000000e+00, 0.0000000e+00,
       0.0000000e+00, 0.0000000e+00, 0.0000000e+00, 1.6619790e-03,
       0.0000000e+00, 3.7074917e-02, 1.3935055e-02, 3.0427001e-02,
       2.3523396e-02, 6.9291741e-02, 1.3679366e-02, 1.1250320e-02,
       2.4673996e-02, 4.7813858e-02, 1.2784500e-04, 9.9718740e-03,
       3.4134492e-02, 1.5980568e-02, 4.3594988e-02, 5.4717464e-02,
       1.3807210e-02, 2.5568900e-04, 3.6307850e-02, 2.5568908e-02,
       4.7686014e-02, 1.0227563e-02, 6.3922270e-03, 7.4149830e-03,
       8.9491180e-03, 7.2871390e-03, 1.4062900e-03, 4.4745590e-03,
       0.0000000e+00, 4.4745590e-03, 0.0000000e+00])]
Type-2 Error Instance:
[array([0.10063991, 0.        , 0.07911577, 0.000582  , 0.        ,
       0.        , 0.        , 0.        , 0.        , 0.        ,
       0.        , 0.        , 0.        , 0.        , 0.01279814,
       0.02908668, 0.01163467, 0.00756254, 0.00930774, 0.000582  ,
       0.00116347, 0.0122164 , 0.0017452 , 0.        , 0.00581734,
       0.        , 0.000582  , 0.        , 0.04421175, 0.03955788,
       0.04421175, 0.        , 0.        , 0.        , 0.00116347,
       0.        , 0.000582  , 0.        , 0.000582  , 0.        ,
       0.        , 0.        , 0.        , 0.        , 0.        ,
       0.        , 0.        , 0.        , 0.000582  , 0.        ,
       0.        , 0.000582  , 0.        , 0.000582  , 0.        ,
       0.        , 0.        , 0.        , 0.        , 0.000582  ,
       0.        , 0.000582  , 0.        , 0.00814427, 0.        ,
       0.04479349, 0.01337987, 0.008726  , 0.03897615, 0.04130308,
       0.0122164 , 0.03548575, 0.03315881, 0.03490401, 0.00116347,
       0.00465387, 0.02385108, 0.01512507, 0.02268761, 0.01570681,
       0.01105294, 0.        , 0.04653869, 0.02036068, 0.0831879 ,
       0.00465387, 0.00116347, 0.01105294, 0.00290867, 0.00116347,
       0.        , 0.        , 0.        , 0.        , 0.        ]), array([0.04577799, 0.00142315, 0.03747628, 0.        , 0.        ,
       0.        , 0.000949  , 0.        , 0.00142315, 0.00142315,
       0.        , 0.        , 0.000474  , 0.02703985, 0.01660342,
       0.03771347, 0.00640417, 0.00806452, 0.00474383, 0.00213473,
       0.00189753, 0.000949  , 0.00166034, 0.000237  , 0.000474  ,
       0.000474  , 0.00237192, 0.00118596, 0.05834915, 0.01873814,
       0.05834915, 0.00213473, 0.        , 0.000949  , 0.000474  ,
       0.00260911, 0.000237  , 0.00118596, 0.        , 0.000949  ,
       0.000237  , 0.000712  , 0.000237  , 0.000474  , 0.000949  ,
       0.00166034, 0.00142315, 0.000712  , 0.00118596, 0.        ,
       0.00189753, 0.000712  , 0.0028463 , 0.000712  , 0.000237  ,
       0.000474  , 0.        , 0.        , 0.        , 0.        ,
       0.        , 0.        , 0.        , 0.00142315, 0.        ,
       0.04981025, 0.01399431, 0.01921252, 0.05052182, 0.05763757,
       0.00782732, 0.01280835, 0.0227704 , 0.04648956, 0.00426945,
       0.00308349, 0.03368121, 0.01470588, 0.03652751, 0.03462998,
       0.01731499, 0.        , 0.03581594, 0.02443074, 0.07708729,
       0.01446869, 0.01067362, 0.01233397, 0.00332068, 0.00592979,
       0.000474  , 0.        , 0.        , 0.        , 0.        ]), array([0.01574151, 0.        , 0.01822701, 0.        , 0.        ,
       0.        , 0.01242751, 0.        , 0.000829  , 0.000829  ,
       0.        , 0.        , 0.        , 0.        , 0.0057995 ,
       0.03893952, 0.000829  , 0.000829  , 0.000829  , 0.000829  ,
       0.        , 0.        , 0.        , 0.        , 0.        ,
       0.        , 0.        , 0.01242751, 0.06462303, 0.0091135 ,
       0.06462303, 0.        , 0.        , 0.008285  , 0.0057995 ,
       0.0041425 , 0.        , 0.001657  , 0.001657  , 0.        ,
       0.        , 0.        , 0.000829  , 0.        , 0.003314  ,
       0.        , 0.        , 0.0041425 , 0.        , 0.        ,
       0.0024855 , 0.001657  , 0.001657  , 0.        , 0.003314  ,
       0.        , 0.0024855 , 0.        , 0.000829  , 0.001657  ,
       0.        , 0.000829  , 0.        , 0.        , 0.000829  ,
       0.01657001, 0.01988401, 0.004971  , 0.02071251, 0.01159901,
       0.004971  , 0.0041425 , 0.0091135 , 0.01905551, 0.        ,
       0.000829  , 0.008285  , 0.004971  , 0.02154101, 0.0074565 ,
       0.05965203, 0.        , 0.00994201, 0.02568351, 0.00994201,
       0.0041425 , 0.01491301, 0.000829  , 0.003314  , 0.001657  ,
       0.0041425 , 0.000829  , 0.001657  , 0.000829  , 0.        ]), array([8.22017640e-02, 1.41925600e-03, 1.26812428e-01, 1.11239000e-03,
       0.00000000e+00, 3.84000000e-04, 1.38089800e-03, 7.67000000e-04,
       1.64940500e-03, 1.64940500e-03, 7.67000000e-05, 1.72612200e-03,
       4.88684310e-02, 2.07134640e-02, 5.29344100e-03, 2.32067510e-02,
       7.94016100e-03, 2.19025700e-02, 8.51553500e-03, 1.45761410e-02,
       2.83467590e-02, 5.10164900e-03, 4.14269300e-03, 4.64135000e-03,
       2.07134600e-03, 3.29881100e-03, 7.47986200e-03, 9.09090900e-03,
       1.84503260e-02, 1.67242040e-02, 1.84503260e-02, 3.84000000e-04,
       0.00000000e+00, 2.57000400e-03, 1.03567300e-03, 3.75911000e-03,
       2.99194500e-03, 2.37821300e-03, 7.67000000e-04, 1.53000000e-04,
       3.84000000e-04, 2.30149600e-03, 1.61104700e-03, 6.52000000e-04,
       1.53000000e-04, 5.37000000e-04, 1.07403100e-03, 1.30418100e-03,
       1.45761400e-03, 0.00000000e+00, 9.59000000e-04, 9.21000000e-04,
       2.03298800e-03, 3.84000000e-04, 2.14806300e-03, 5.37000000e-04,
       5.75000000e-04, 3.07000000e-04, 0.00000000e+00, 2.41657100e-03,
       0.00000000e+00, 2.41657100e-03, 0.00000000e+00, 4.18105100e-03,
       0.00000000e+00, 3.22209440e-02, 1.31185270e-02, 1.94859990e-02,
       2.73494440e-02, 4.42654390e-02, 1.01649410e-02, 1.15458380e-02,
       1.26198700e-02, 3.48676640e-02, 3.37552700e-03, 3.87418500e-03,
       2.05600310e-02, 1.43076330e-02, 2.68891450e-02, 2.54698890e-02,
       1.92942080e-02, 1.15000000e-04, 2.52397390e-02, 2.02531650e-02,
       3.69773690e-02, 1.06635980e-02, 7.32642900e-03, 8.28538600e-03,
       4.44955900e-03, 4.87150000e-03, 2.72343700e-03, 7.67000000e-04,
       3.07000000e-04, 7.67000000e-04, 0.00000000e+00])]SVM with linear kernel
Confusion Matrix:
 [[ 0 31]
 [ 0 88]]

Type-1 Error Instance:
[array([4.6132222e-02, 1.5100000e-04, 1.4657899e-02, 4.0200000e-04,
       0.0000000e+00, 0.0000000e+00, 1.7970985e-02, 8.2827170e-03,
       5.0200000e-04, 5.0200000e-04, 0.0000000e+00, 0.0000000e+00,
       3.7146730e-03, 4.7638171e-02, 5.1704230e-03, 1.3453140e-02,
       1.1545610e-03, 1.4557500e-03, 7.0300000e-04, 3.0100000e-04,
       0.0000000e+00, 6.0200000e-04, 1.5100000e-04, 1.5100000e-04,
       1.5100000e-04, 1.2047590e-03, 1.9225942e-02, 3.1976306e-02,
       1.7268209e-02, 1.0491441e-02, 1.7268209e-02, 0.0000000e+00,
       0.0000000e+00, 1.7569400e-03, 2.0079310e-03, 2.5100000e-04,
       1.5100000e-04, 1.8071380e-03, 1.0541640e-03, 3.1624920e-03,
       2.5100000e-04, 7.5300000e-04, 4.0200000e-04, 6.4253800e-03,
       3.5100000e-04, 7.5300000e-04, 7.2285530e-03, 6.6763720e-03,
       3.0100000e-04, 0.0000000e+00, 5.3712160e-03, 2.7609060e-03,
       5.5218110e-03, 1.7067420e-03, 5.0200000e-05, 5.0200000e-05,
       0.0000000e+00, 3.5100000e-04, 2.5100000e-04, 0.0000000e+00,
       0.0000000e+00, 0.0000000e+00, 0.0000000e+00, 1.1545610e-03,
       0.0000000e+00, 6.4404397e-02, 8.5839060e-03, 6.5257770e-03,
       1.0893027e-02, 4.1011997e-02, 3.4687014e-02, 1.6615632e-02,
       6.7767680e-03, 5.1302645e-02, 1.7067420e-03, 3.3632850e-03,
       3.2879876e-02, 4.2718739e-02, 4.7387179e-02, 6.1241906e-02,
       1.3402942e-02, 1.8171779e-02, 1.8723960e-02, 5.4264344e-02,
       5.7426836e-02, 2.9115004e-02, 2.1585260e-03, 7.6803370e-03,
       5.5200000e-04, 1.6515235e-02, 8.0300000e-04, 0.0000000e+00,
       0.0000000e+00, 0.0000000e+00, 0.0000000e+00]), array([0.05729927, 0.00145985, 0.04890511, 0.        , 0.        ,
       0.        , 0.        , 0.        , 0.        , 0.        ,
       0.        , 0.        , 0.        , 0.01021898, 0.01532847,
       0.03394161, 0.00766423, 0.00328467, 0.00255475, 0.00328467,
       0.00182482, 0.        , 0.000365  , 0.        , 0.000365  ,
       0.00291971, 0.00145985, 0.        , 0.05510949, 0.02846715,
       0.05510949, 0.        , 0.00218978, 0.00145985, 0.00364964,
       0.00182482, 0.        , 0.00328467, 0.000365  , 0.00145985,
       0.00145985, 0.000365  , 0.        , 0.000365  , 0.00073   ,
       0.00073   , 0.00145985, 0.00364964, 0.        , 0.000365  ,
       0.00073   , 0.00255475, 0.00218978, 0.        , 0.00145985,
       0.00291971, 0.00291971, 0.000365  , 0.        , 0.00510949,
       0.        , 0.00073   , 0.000365  , 0.00182482, 0.        ,
       0.04379562, 0.01313869, 0.01569343, 0.01788321, 0.0379562 ,
       0.01350365, 0.01459854, 0.03357664, 0.04744525, 0.00291971,
       0.00474453, 0.04160584, 0.01678832, 0.01715329, 0.01934307,
       0.01094891, 0.00073   , 0.02627737, 0.01861314, 0.03540146,
       0.01459854, 0.01094891, 0.0120438 , 0.00364964, 0.00510949,
       0.00109489, 0.000365  , 0.        , 0.        , 0.        ]), array([0.06067476, 0.000267  , 0.047473  , 0.00453394, 0.        ,
       0.0004    , 0.00653421, 0.00906788, 0.00186692, 0.00186692,
       0.        , 0.0004    , 0.00253367, 0.00506734, 0.01093479,
       0.0242699 , 0.00893453, 0.00560075, 0.0057341 , 0.00120016,
       0.0008    , 0.000667  , 0.00213362, 0.000267  , 0.00293372,
       0.000133  , 0.00213362, 0.01160155, 0.03067076, 0.03907188,
       0.03067076, 0.00226697, 0.        , 0.00133351, 0.00226697,
       0.00266702, 0.00253367, 0.00266702, 0.00520069, 0.        ,
       0.000933  , 0.000267  , 0.        , 0.        , 0.0004    ,
       0.000667  , 0.0004    , 0.000133  , 0.000267  , 0.        ,
       0.00120016, 0.00240032, 0.000667  , 0.0004    , 0.000533  ,
       0.000533  , 0.        , 0.000267  , 0.        , 0.        ,
       0.        , 0.        , 0.        , 0.000267  , 0.        ,
       0.05107348, 0.0182691 , 0.02933725, 0.03173757, 0.05934125,
       0.0237365 , 0.01306841, 0.01253501, 0.04053874, 0.        ,
       0.00426724, 0.01786905, 0.01280171, 0.0420056 , 0.0477397 ,
       0.01066809, 0.        , 0.05200693, 0.03667156, 0.06840912,
       0.02533671, 0.0062675 , 0.01893586, 0.000533  , 0.00493399,
       0.00453394, 0.        , 0.        , 0.        , 0.        ]), array([0.09684505, 0.00219649, 0.04273163, 0.000799  , 0.        ,
       0.        , 0.000399  , 0.00259585, 0.00119808, 0.00119808,
       0.        , 0.000799  , 0.00359425, 0.01417732, 0.00738818,
       0.03374601, 0.0091853 , 0.00898562, 0.01018371, 0.00359425,
       0.000599  , 0.00159744, 0.00139776, 0.00239617, 0.00219649,
       0.00159744, 0.00359425, 0.000399  , 0.03314697, 0.0215655 ,
       0.03314697, 0.        , 0.        , 0.00119808, 0.00239617,
       0.00339457, 0.000799  , 0.00119808, 0.00139776, 0.000998  ,
       0.000998  , 0.000799  , 0.        , 0.00119808, 0.0019968 ,
       0.000799  , 0.000998  , 0.00259585, 0.0019968 , 0.        ,
       0.00239617, 0.00359425, 0.00499201, 0.000799  , 0.000998  ,
       0.        , 0.        , 0.        , 0.        , 0.00119808,
       0.        , 0.00119808, 0.        , 0.00858626, 0.        ,
       0.05750799, 0.00978434, 0.03254792, 0.02436102, 0.04392971,
       0.00938498, 0.0153754 , 0.02416134, 0.05311502, 0.00179712,
       0.00698882, 0.02535943, 0.01697284, 0.04093451, 0.03913738,
       0.02236422, 0.        , 0.03294728, 0.048123  , 0.04472843,
       0.01038339, 0.01377795, 0.00339457, 0.00319489, 0.00499201,
       0.000399  , 0.        , 0.        , 0.        , 0.        ])]
Type-2 Error Instance:
[]SVM with RBF kernel
Confusion Matrix:
 [[ 6 25]
 [ 4 84]]

Type-1 Error Instance:
[array([4.6132222e-02, 1.5100000e-04, 1.4657899e-02, 4.0200000e-04,
       0.0000000e+00, 0.0000000e+00, 1.7970985e-02, 8.2827170e-03,
       5.0200000e-04, 5.0200000e-04, 0.0000000e+00, 0.0000000e+00,
       3.7146730e-03, 4.7638171e-02, 5.1704230e-03, 1.3453140e-02,
       1.1545610e-03, 1.4557500e-03, 7.0300000e-04, 3.0100000e-04,
       0.0000000e+00, 6.0200000e-04, 1.5100000e-04, 1.5100000e-04,
       1.5100000e-04, 1.2047590e-03, 1.9225942e-02, 3.1976306e-02,
       1.7268209e-02, 1.0491441e-02, 1.7268209e-02, 0.0000000e+00,
       0.0000000e+00, 1.7569400e-03, 2.0079310e-03, 2.5100000e-04,
       1.5100000e-04, 1.8071380e-03, 1.0541640e-03, 3.1624920e-03,
       2.5100000e-04, 7.5300000e-04, 4.0200000e-04, 6.4253800e-03,
       3.5100000e-04, 7.5300000e-04, 7.2285530e-03, 6.6763720e-03,
       3.0100000e-04, 0.0000000e+00, 5.3712160e-03, 2.7609060e-03,
       5.5218110e-03, 1.7067420e-03, 5.0200000e-05, 5.0200000e-05,
       0.0000000e+00, 3.5100000e-04, 2.5100000e-04, 0.0000000e+00,
       0.0000000e+00, 0.0000000e+00, 0.0000000e+00, 1.1545610e-03,
       0.0000000e+00, 6.4404397e-02, 8.5839060e-03, 6.5257770e-03,
       1.0893027e-02, 4.1011997e-02, 3.4687014e-02, 1.6615632e-02,
       6.7767680e-03, 5.1302645e-02, 1.7067420e-03, 3.3632850e-03,
       3.2879876e-02, 4.2718739e-02, 4.7387179e-02, 6.1241906e-02,
       1.3402942e-02, 1.8171779e-02, 1.8723960e-02, 5.4264344e-02,
       5.7426836e-02, 2.9115004e-02, 2.1585260e-03, 7.6803370e-03,
       5.5200000e-04, 1.6515235e-02, 8.0300000e-04, 0.0000000e+00,
       0.0000000e+00, 0.0000000e+00, 0.0000000e+00]), array([0.05729927, 0.00145985, 0.04890511, 0.        , 0.        ,
       0.        , 0.        , 0.        , 0.        , 0.        ,
       0.        , 0.        , 0.        , 0.01021898, 0.01532847,
       0.03394161, 0.00766423, 0.00328467, 0.00255475, 0.00328467,
       0.00182482, 0.        , 0.000365  , 0.        , 0.000365  ,
       0.00291971, 0.00145985, 0.        , 0.05510949, 0.02846715,
       0.05510949, 0.        , 0.00218978, 0.00145985, 0.00364964,
       0.00182482, 0.        , 0.00328467, 0.000365  , 0.00145985,
       0.00145985, 0.000365  , 0.        , 0.000365  , 0.00073   ,
       0.00073   , 0.00145985, 0.00364964, 0.        , 0.000365  ,
       0.00073   , 0.00255475, 0.00218978, 0.        , 0.00145985,
       0.00291971, 0.00291971, 0.000365  , 0.        , 0.00510949,
       0.        , 0.00073   , 0.000365  , 0.00182482, 0.        ,
       0.04379562, 0.01313869, 0.01569343, 0.01788321, 0.0379562 ,
       0.01350365, 0.01459854, 0.03357664, 0.04744525, 0.00291971,
       0.00474453, 0.04160584, 0.01678832, 0.01715329, 0.01934307,
       0.01094891, 0.00073   , 0.02627737, 0.01861314, 0.03540146,
       0.01459854, 0.01094891, 0.0120438 , 0.00364964, 0.00510949,
       0.00109489, 0.000365  , 0.        , 0.        , 0.        ]), array([0.06067476, 0.000267  , 0.047473  , 0.00453394, 0.        ,
       0.0004    , 0.00653421, 0.00906788, 0.00186692, 0.00186692,
       0.        , 0.0004    , 0.00253367, 0.00506734, 0.01093479,
       0.0242699 , 0.00893453, 0.00560075, 0.0057341 , 0.00120016,
       0.0008    , 0.000667  , 0.00213362, 0.000267  , 0.00293372,
       0.000133  , 0.00213362, 0.01160155, 0.03067076, 0.03907188,
       0.03067076, 0.00226697, 0.        , 0.00133351, 0.00226697,
       0.00266702, 0.00253367, 0.00266702, 0.00520069, 0.        ,
       0.000933  , 0.000267  , 0.        , 0.        , 0.0004    ,
       0.000667  , 0.0004    , 0.000133  , 0.000267  , 0.        ,
       0.00120016, 0.00240032, 0.000667  , 0.0004    , 0.000533  ,
       0.000533  , 0.        , 0.000267  , 0.        , 0.        ,
       0.        , 0.        , 0.        , 0.000267  , 0.        ,
       0.05107348, 0.0182691 , 0.02933725, 0.03173757, 0.05934125,
       0.0237365 , 0.01306841, 0.01253501, 0.04053874, 0.        ,
       0.00426724, 0.01786905, 0.01280171, 0.0420056 , 0.0477397 ,
       0.01066809, 0.        , 0.05200693, 0.03667156, 0.06840912,
       0.02533671, 0.0062675 , 0.01893586, 0.000533  , 0.00493399,
       0.00453394, 0.        , 0.        , 0.        , 0.        ]), array([0.09684505, 0.00219649, 0.04273163, 0.000799  , 0.        ,
       0.        , 0.000399  , 0.00259585, 0.00119808, 0.00119808,
       0.        , 0.000799  , 0.00359425, 0.01417732, 0.00738818,
       0.03374601, 0.0091853 , 0.00898562, 0.01018371, 0.00359425,
       0.000599  , 0.00159744, 0.00139776, 0.00239617, 0.00219649,
       0.00159744, 0.00359425, 0.000399  , 0.03314697, 0.0215655 ,
       0.03314697, 0.        , 0.        , 0.00119808, 0.00239617,
       0.00339457, 0.000799  , 0.00119808, 0.00139776, 0.000998  ,
       0.000998  , 0.000799  , 0.        , 0.00119808, 0.0019968 ,
       0.000799  , 0.000998  , 0.00259585, 0.0019968 , 0.        ,
       0.00239617, 0.00359425, 0.00499201, 0.000799  , 0.000998  ,
       0.        , 0.        , 0.        , 0.        , 0.00119808,
       0.        , 0.00119808, 0.        , 0.00858626, 0.        ,
       0.05750799, 0.00978434, 0.03254792, 0.02436102, 0.04392971,
       0.00938498, 0.0153754 , 0.02416134, 0.05311502, 0.00179712,
       0.00698882, 0.02535943, 0.01697284, 0.04093451, 0.03913738,
       0.02236422, 0.        , 0.03294728, 0.048123  , 0.04472843,
       0.01038339, 0.01377795, 0.00339457, 0.00319489, 0.00499201,
       0.000399  , 0.        , 0.        , 0.        , 0.        ])]
Type-2 Error Instance:
[array([3.61163798e-01, 0.00000000e+00, 2.94170280e-02, 1.03782700e-03,
       0.00000000e+00, 2.00408000e-03, 6.44000000e-04, 2.07565400e-03,
       3.58000000e-04, 2.86000000e-04, 0.00000000e+00, 1.32412400e-03,
       1.43000000e-04, 1.00204000e-03, 6.15538800e-03, 2.00765840e-02,
       1.64262960e-02, 8.98257200e-03, 6.01223900e-03, 2.57667400e-03,
       4.54496700e-03, 3.50714000e-03, 3.43556500e-03, 2.68403500e-03,
       2.57667400e-03, 1.50306000e-03, 8.95000000e-04, 1.03782700e-03,
       3.22799990e-02, 3.05980030e-02, 3.22799990e-02, 1.39569800e-03,
       3.58000000e-05, 1.61042100e-03, 1.07361400e-03, 2.86000000e-04,
       3.39977800e-03, 1.03782700e-03, 2.29037700e-03, 9.30000000e-04,
       2.86000000e-04, 1.25255000e-03, 3.58000000e-05, 3.58000000e-05,
       7.16000000e-04, 1.46727300e-03, 5.73000000e-04, 1.32412400e-03,
       6.44000000e-04, 0.00000000e+00, 2.29037700e-03, 5.37000000e-04,
       5.76172900e-03, 7.16000000e-05, 7.16000000e-05, 1.43000000e-04,
       1.43000000e-04, 5.37000000e-04, 7.16000000e-05, 0.00000000e+00,
       0.00000000e+00, 0.00000000e+00, 0.00000000e+00, 2.86297100e-03,
       0.00000000e+00, 2.63393340e-02, 1.41717070e-02, 1.65694450e-02,
       2.76276710e-02, 3.29957410e-02, 6.79955600e-03, 2.05060300e-02,
       1.50663850e-02, 2.85939230e-02, 6.80000000e-04, 2.14722800e-03,
       2.29037680e-02, 5.76172900e-03, 1.71778260e-02, 1.38854100e-02,
       1.09508640e-02, 2.15000000e-04, 2.62319720e-02, 1.15592460e-02,
       4.10478470e-02, 3.43556500e-03, 2.14722800e-03, 6.44168500e-03,
       1.14518800e-03, 1.86093100e-03, 3.58000000e-05, 0.00000000e+00,
       4.29000000e-04, 0.00000000e+00, 0.00000000e+00]), array([3.90093762e-01, 8.26000000e-04, 3.45692380e-02, 6.27000000e-04,
       0.00000000e+00, 2.16592100e-03, 1.31095200e-03, 7.46672700e-03,
       7.69000000e-04, 7.69000000e-04, 1.14000000e-04, 0.00000000e+00,
       6.55000000e-04, 5.61429500e-03, 1.03451220e-02, 2.47370970e-02,
       1.63584030e-02, 7.83721400e-03, 6.52626200e-03, 3.10638700e-03,
       3.61936800e-03, 2.50790800e-03, 2.90689400e-03, 2.39391300e-03,
       1.93792900e-03, 2.25141800e-03, 3.41987500e-03, 3.59086900e-03,
       3.14913510e-02, 2.39676250e-02, 3.14343530e-02, 1.33945100e-03,
       0.00000000e+00, 5.70000000e-05, 2.85000000e-05, 1.08296000e-03,
       3.99000000e-04, 2.85000000e-05, 2.85000000e-05, 0.00000000e+00,
       2.85000000e-05, 0.00000000e+00, 0.00000000e+00, 0.00000000e+00,
       2.85000000e-05, 2.85000000e-05, 2.85000000e-05, 2.85000000e-05,
       0.00000000e+00, 0.00000000e+00, 0.00000000e+00, 1.14000000e-04,
       8.55000000e-05, 8.55000000e-05, 0.00000000e+00, 0.00000000e+00,
       0.00000000e+00, 2.85000000e-05, 0.00000000e+00, 2.85000000e-05,
       0.00000000e+00, 2.85000000e-05, 0.00000000e+00, 5.41480200e-03,
       0.00000000e+00, 2.21721910e-02, 9.14816600e-03, 1.10290970e-02,
       2.92684320e-02, 2.72165070e-02, 5.04431600e-03, 1.78973470e-02,
       1.81823360e-02, 2.44806060e-02, 1.48194600e-03, 1.56744300e-03,
       2.15737130e-02, 7.78021600e-03, 1.47054630e-02, 1.08866030e-02,
       1.62444070e-02, 0.00000000e+00, 2.45376040e-02, 1.21120580e-02,
       4.58548260e-02, 2.65040300e-03, 2.02342600e-03, 6.75425300e-03,
       3.10638700e-03, 3.07788800e-03, 3.13000000e-04, 1.14000000e-04,
       5.70000000e-05, 1.14000000e-04, 0.00000000e+00]), array([4.69674442e-01, 8.20000000e-04, 2.11227890e-02, 0.00000000e+00,
       0.00000000e+00, 0.00000000e+00, 8.20000000e-04, 3.28121000e-03,
       2.97359700e-03, 2.97359700e-03, 1.54000000e-04, 7.69000000e-04,
       2.61471400e-03, 1.09202770e-02, 7.99794900e-03, 2.05588310e-02,
       8.72000000e-04, 8.72000000e-04, 3.59000000e-04, 2.05000000e-04,
       3.59000000e-04, 1.03000000e-04, 5.13000000e-05, 2.05000000e-04,
       1.54000000e-04, 7.18000000e-04, 1.48679800e-03, 3.22994100e-03,
       1.95847220e-02, 1.22019990e-02, 1.95847220e-02, 4.10000000e-04,
       0.00000000e+00, 7.18000000e-04, 6.15000000e-04, 4.61000000e-04,
       5.64000000e-04, 9.74000000e-04, 2.05000000e-04, 4.61000000e-04,
       4.10000000e-04, 7.18000000e-04, 5.13000000e-05, 6.66000000e-04,
       4.61000000e-04, 1.07664700e-03, 7.18000000e-04, 5.64000000e-04,
       1.43552900e-03, 0.00000000e+00, 1.12791600e-03, 1.23045400e-03,
       6.15000000e-04, 4.61000000e-04, 1.03000000e-04, 2.56000000e-04,
       4.61000000e-04, 5.13000000e-05, 2.05000000e-04, 3.59000000e-04,
       5.13000000e-05, 3.59000000e-04, 0.00000000e+00, 1.79441200e-03,
       0.00000000e+00, 3.66572670e-02, 4.35785700e-03, 1.69700080e-02,
       1.13816970e-02, 3.05562680e-02, 1.06126630e-02, 7.69033600e-03,
       7.38272200e-03, 2.05588310e-02, 2.15329400e-03, 8.71571400e-03,
       1.94821840e-02, 8.20302500e-03, 2.72237890e-02, 3.10689570e-02,
       1.47141760e-02, 2.56000000e-04, 2.75314020e-02, 2.80953600e-02,
       2.86593180e-02, 6.40861300e-03, 5.28069700e-03, 1.04075880e-02,
       1.02537800e-03, 6.30607500e-03, 3.74263000e-03, 1.03000000e-04,
       1.03000000e-04, 1.03000000e-04, 0.00000000e+00]), array([4.20718003e-01, 3.44000000e-04, 3.49484680e-02, 2.43000000e-04,
       0.00000000e+00, 3.88766300e-03, 1.76159700e-03, 8.42326900e-03,
       4.66000000e-04, 4.25000000e-04, 4.05000000e-05, 1.01000000e-04,
       7.90000000e-04, 3.38145700e-03, 8.42326900e-03, 1.93978170e-02,
       1.52671760e-02, 9.71915700e-03, 8.86873100e-03, 4.75833700e-03,
       2.20705900e-03, 4.63684800e-03, 2.85500200e-03, 3.05748500e-03,
       3.76617300e-03, 2.47028600e-03, 2.51078200e-03, 2.12606600e-03,
       2.68491710e-02, 2.50268290e-02, 2.68491710e-02, 1.88308700e-03,
       0.00000000e+00, 2.02000000e-04, 6.68000000e-04, 9.52000000e-04,
       4.66000000e-04, 3.24000000e-04, 3.04000000e-04, 0.00000000e+00,
       0.00000000e+00, 6.07000000e-05, 0.00000000e+00, 2.02000000e-05,
       4.05000000e-05, 2.02000000e-05, 1.21000000e-04, 8.10000000e-05,
       0.00000000e+00, 0.00000000e+00, 0.00000000e+00, 2.02000000e-05,
       4.05000000e-05, 2.02000000e-05, 4.05000000e-05, 0.00000000e+00,
       0.00000000e+00, 0.00000000e+00, 0.00000000e+00, 0.00000000e+00,
       0.00000000e+00, 0.00000000e+00, 0.00000000e+00, 4.19138600e-03,
       0.00000000e+00, 2.38726790e-02, 7.43110500e-03, 1.13795130e-02,
       2.59784960e-02, 2.77198450e-02, 3.50294600e-03, 1.71907590e-02,
       1.84056530e-02, 2.24553020e-02, 1.49837000e-03, 8.91000000e-04,
       1.82639160e-02, 7.24887100e-03, 1.31208620e-02, 7.18812600e-03,
       1.43560050e-02, 0.00000000e+00, 2.30829980e-02, 1.43357560e-02,
       3.86538970e-02, 2.45003700e-03, 8.10000000e-04, 6.47943800e-03,
       1.82234200e-03, 2.91574700e-03, 0.00000000e+00, 4.05000000e-05,
       6.07000000e-05, 4.05000000e-05, 2.02000000e-05])]MLP
Confusion Matrix:
 [[16 15]
 [10 78]]

Type-1 Error Instance:
[array([0.05729927, 0.00145985, 0.04890511, 0.        , 0.        ,
       0.        , 0.        , 0.        , 0.        , 0.        ,
       0.        , 0.        , 0.        , 0.01021898, 0.01532847,
       0.03394161, 0.00766423, 0.00328467, 0.00255475, 0.00328467,
       0.00182482, 0.        , 0.000365  , 0.        , 0.000365  ,
       0.00291971, 0.00145985, 0.        , 0.05510949, 0.02846715,
       0.05510949, 0.        , 0.00218978, 0.00145985, 0.00364964,
       0.00182482, 0.        , 0.00328467, 0.000365  , 0.00145985,
       0.00145985, 0.000365  , 0.        , 0.000365  , 0.00073   ,
       0.00073   , 0.00145985, 0.00364964, 0.        , 0.000365  ,
       0.00073   , 0.00255475, 0.00218978, 0.        , 0.00145985,
       0.00291971, 0.00291971, 0.000365  , 0.        , 0.00510949,
       0.        , 0.00073   , 0.000365  , 0.00182482, 0.        ,
       0.04379562, 0.01313869, 0.01569343, 0.01788321, 0.0379562 ,
       0.01350365, 0.01459854, 0.03357664, 0.04744525, 0.00291971,
       0.00474453, 0.04160584, 0.01678832, 0.01715329, 0.01934307,
       0.01094891, 0.00073   , 0.02627737, 0.01861314, 0.03540146,
       0.01459854, 0.01094891, 0.0120438 , 0.00364964, 0.00510949,
       0.00109489, 0.000365  , 0.        , 0.        , 0.        ]), array([0.06067476, 0.000267  , 0.047473  , 0.00453394, 0.        ,
       0.0004    , 0.00653421, 0.00906788, 0.00186692, 0.00186692,
       0.        , 0.0004    , 0.00253367, 0.00506734, 0.01093479,
       0.0242699 , 0.00893453, 0.00560075, 0.0057341 , 0.00120016,
       0.0008    , 0.000667  , 0.00213362, 0.000267  , 0.00293372,
       0.000133  , 0.00213362, 0.01160155, 0.03067076, 0.03907188,
       0.03067076, 0.00226697, 0.        , 0.00133351, 0.00226697,
       0.00266702, 0.00253367, 0.00266702, 0.00520069, 0.        ,
       0.000933  , 0.000267  , 0.        , 0.        , 0.0004    ,
       0.000667  , 0.0004    , 0.000133  , 0.000267  , 0.        ,
       0.00120016, 0.00240032, 0.000667  , 0.0004    , 0.000533  ,
       0.000533  , 0.        , 0.000267  , 0.        , 0.        ,
       0.        , 0.        , 0.        , 0.000267  , 0.        ,
       0.05107348, 0.0182691 , 0.02933725, 0.03173757, 0.05934125,
       0.0237365 , 0.01306841, 0.01253501, 0.04053874, 0.        ,
       0.00426724, 0.01786905, 0.01280171, 0.0420056 , 0.0477397 ,
       0.01066809, 0.        , 0.05200693, 0.03667156, 0.06840912,
       0.02533671, 0.0062675 , 0.01893586, 0.000533  , 0.00493399,
       0.00453394, 0.        , 0.        , 0.        , 0.        ]), array([5.10098316e-01, 0.00000000e+00, 1.76815790e-02, 0.00000000e+00,
       0.00000000e+00, 1.52000000e-04, 9.83156800e-03, 0.00000000e+00,
       0.00000000e+00, 0.00000000e+00, 0.00000000e+00, 0.00000000e+00,
       0.00000000e+00, 0.00000000e+00, 0.00000000e+00, 2.43883850e-02,
       2.13398400e-03, 3.50583000e-03, 2.51505200e-03, 9.91000000e-04,
       1.29563300e-03, 6.10000000e-04, 6.10000000e-04, 6.10000000e-04,
       6.10000000e-04, 5.33000000e-04, 1.52000000e-04, 9.98399500e-03,
       4.87767700e-02, 8.84079000e-03, 4.87767700e-02, 0.00000000e+00,
       0.00000000e+00, 0.00000000e+00, 0.00000000e+00, 3.05000000e-04,
       0.00000000e+00, 0.00000000e+00, 0.00000000e+00, 0.00000000e+00,
       0.00000000e+00, 0.00000000e+00, 0.00000000e+00, 0.00000000e+00,
       0.00000000e+00, 1.52000000e-04, 0.00000000e+00, 0.00000000e+00,
       0.00000000e+00, 0.00000000e+00, 0.00000000e+00, 0.00000000e+00,
       5.33495900e-03, 0.00000000e+00, 0.00000000e+00, 0.00000000e+00,
       0.00000000e+00, 0.00000000e+00, 0.00000000e+00, 0.00000000e+00,
       0.00000000e+00, 0.00000000e+00, 0.00000000e+00, 0.00000000e+00,
       0.00000000e+00, 2.64461550e-02, 1.05937050e-02, 1.31087570e-02,
       5.13680360e-02, 9.45049900e-03, 0.00000000e+00, 3.05000000e-04,
       6.10000000e-04, 1.13558420e-02, 2.89612100e-03, 2.59126600e-03,
       1.60810910e-02, 3.04854800e-03, 1.80626480e-02, 6.78302000e-03,
       1.02888500e-02, 0.00000000e+00, 1.31849710e-02, 2.81990700e-02,
       5.50262940e-02, 2.36262500e-03, 0.00000000e+00, 1.52000000e-04,
       0.00000000e+00, 5.10631800e-03, 0.00000000e+00, 0.00000000e+00,
       0.00000000e+00, 0.00000000e+00, 0.00000000e+00]), array([0.14555504, 0.        , 0.07001382, 0.00138185, 0.        ,
       0.        , 0.00322432, 0.        , 0.        , 0.        ,
       0.        , 0.        , 0.00184247, 0.00138185, 0.0161216 ,
       0.01934592, 0.00598802, 0.0105942 , 0.00230309, 0.00322432,
       0.00644864, 0.00644864, 0.00506679, 0.00230309, 0.0027637 ,
       0.00368494, 0.000921  , 0.00322432, 0.02763703, 0.03500691,
       0.02763703, 0.        , 0.        , 0.00322432, 0.000921  ,
       0.000921  , 0.        , 0.        , 0.000921  , 0.        ,
       0.000461  , 0.000921  , 0.        , 0.        , 0.        ,
       0.000921  , 0.        , 0.000461  , 0.00414556, 0.        ,
       0.        , 0.000461  , 0.000461  , 0.        , 0.        ,
       0.        , 0.        , 0.        , 0.        , 0.        ,
       0.        , 0.        , 0.        , 0.000461  , 0.        ,
       0.04375864, 0.01243666, 0.01704284, 0.03592814, 0.05941962,
       0.0161216 , 0.02257024, 0.02303086, 0.05297098, 0.000921  ,
       0.00138185, 0.02257024, 0.01427913, 0.03132197, 0.03915246,
       0.01796407, 0.00322432, 0.0400737 , 0.04237679, 0.0534316 ,
       0.00783049, 0.00460617, 0.00921235, 0.        , 0.00138185,
       0.00230309, 0.        , 0.        , 0.        , 0.        ])]
Type-2 Error Instance:
[array([8.22017640e-02, 1.41925600e-03, 1.26812428e-01, 1.11239000e-03,
       0.00000000e+00, 3.84000000e-04, 1.38089800e-03, 7.67000000e-04,
       1.64940500e-03, 1.64940500e-03, 7.67000000e-05, 1.72612200e-03,
       4.88684310e-02, 2.07134640e-02, 5.29344100e-03, 2.32067510e-02,
       7.94016100e-03, 2.19025700e-02, 8.51553500e-03, 1.45761410e-02,
       2.83467590e-02, 5.10164900e-03, 4.14269300e-03, 4.64135000e-03,
       2.07134600e-03, 3.29881100e-03, 7.47986200e-03, 9.09090900e-03,
       1.84503260e-02, 1.67242040e-02, 1.84503260e-02, 3.84000000e-04,
       0.00000000e+00, 2.57000400e-03, 1.03567300e-03, 3.75911000e-03,
       2.99194500e-03, 2.37821300e-03, 7.67000000e-04, 1.53000000e-04,
       3.84000000e-04, 2.30149600e-03, 1.61104700e-03, 6.52000000e-04,
       1.53000000e-04, 5.37000000e-04, 1.07403100e-03, 1.30418100e-03,
       1.45761400e-03, 0.00000000e+00, 9.59000000e-04, 9.21000000e-04,
       2.03298800e-03, 3.84000000e-04, 2.14806300e-03, 5.37000000e-04,
       5.75000000e-04, 3.07000000e-04, 0.00000000e+00, 2.41657100e-03,
       0.00000000e+00, 2.41657100e-03, 0.00000000e+00, 4.18105100e-03,
       0.00000000e+00, 3.22209440e-02, 1.31185270e-02, 1.94859990e-02,
       2.73494440e-02, 4.42654390e-02, 1.01649410e-02, 1.15458380e-02,
       1.26198700e-02, 3.48676640e-02, 3.37552700e-03, 3.87418500e-03,
       2.05600310e-02, 1.43076330e-02, 2.68891450e-02, 2.54698890e-02,
       1.92942080e-02, 1.15000000e-04, 2.52397390e-02, 2.02531650e-02,
       3.69773690e-02, 1.06635980e-02, 7.32642900e-03, 8.28538600e-03,
       4.44955900e-03, 4.87150000e-03, 2.72343700e-03, 7.67000000e-04,
       3.07000000e-04, 7.67000000e-04, 0.00000000e+00]), array([0.26407767, 0.00291262, 0.0407767 , 0.00291262, 0.        ,
       0.        , 0.00194175, 0.        , 0.        , 0.        ,
       0.        , 0.        , 0.        , 0.06699029, 0.00679612,
       0.02135922, 0.        , 0.        , 0.000971  , 0.        ,
       0.        , 0.        , 0.000971  , 0.000971  , 0.        ,
       0.        , 0.00194175, 0.00291262, 0.03398058, 0.02038835,
       0.03398058, 0.        , 0.        , 0.00485437, 0.        ,
       0.00194175, 0.        , 0.00388349, 0.000971  , 0.        ,
       0.        , 0.00485437, 0.        , 0.        , 0.        ,
       0.000971  , 0.00194175, 0.00194175, 0.000971  , 0.        ,
       0.00388349, 0.00194175, 0.00291262, 0.000971  , 0.000971  ,
       0.        , 0.        , 0.        , 0.000971  , 0.        ,
       0.        , 0.        , 0.        , 0.01456311, 0.        ,
       0.03009709, 0.00679612, 0.02427185, 0.02912621, 0.0407767 ,
       0.00679612, 0.01262136, 0.00873786, 0.04660194, 0.00194175,
       0.00582524, 0.03495146, 0.00679612, 0.03106796, 0.03106796,
       0.01165049, 0.        , 0.0184466 , 0.03203884, 0.02524272,
       0.00485437, 0.02135922, 0.00679612, 0.00776699, 0.000971  ,
       0.000971  , 0.        , 0.        , 0.        , 0.        ]), array([2.44819294e-01, 0.00000000e+00, 3.39968920e-02, 1.82000000e-04,
       0.00000000e+00, 2.55410770e-02, 3.22085000e-03, 9.35869500e-03,
       1.22000000e-04, 1.22000000e-04, 1.04000000e-04, 5.21000000e-05,
       0.00000000e+00, 4.58385100e-03, 1.29007610e-02, 2.96821690e-02,
       7.86547100e-03, 1.07390590e-02, 4.95715700e-03, 4.44494600e-03,
       2.72600200e-03, 4.44494600e-03, 7.43139400e-03, 8.14328000e-03,
       7.97833100e-03, 8.95934400e-03, 4.29736000e-03, 7.29000000e-04,
       2.60185610e-02, 2.77809130e-02, 2.60880130e-02, 3.25557600e-03,
       0.00000000e+00, 4.95000000e-04, 1.48000000e-04, 5.47000000e-04,
       5.47000000e-04, 5.21000000e-05, 5.21000000e-05, 1.56000000e-04,
       2.95000000e-04, 1.65000000e-04, 1.30000000e-04, 6.08000000e-05,
       3.30000000e-04, 3.04000000e-04, 5.90000000e-04, 6.08000000e-05,
       6.08000000e-05, 4.34000000e-05, 1.22000000e-04, 6.08000000e-05,
       3.32502800e-03, 6.42000000e-04, 3.47000000e-05, 4.34000000e-05,
       5.21000000e-05, 8.68000000e-06, 2.60000000e-05, 1.39000000e-04,
       0.00000000e+00, 1.39000000e-04, 0.00000000e+00, 1.57830310e-02,
       0.00000000e+00, 3.58981480e-02, 1.13641300e-02, 1.62605160e-02,
       3.07152720e-02, 4.70799660e-02, 7.65711400e-03, 4.34944900e-03,
       1.16332570e-02, 3.45091030e-02, 6.16000000e-04, 4.63594000e-03,
       2.82931230e-02, 5.83399200e-03, 1.71373510e-02, 1.90472880e-02,
       1.19892000e-02, 2.26000000e-04, 1.50016930e-02, 2.98210740e-02,
       3.44830580e-02, 2.31797000e-03, 1.40901320e-02, 1.38904560e-02,
       1.13814930e-02, 4.16713700e-03, 1.65000000e-04, 0.00000000e+00,
       0.00000000e+00, 0.00000000e+00, 0.00000000e+00]), array([4.69674442e-01, 8.20000000e-04, 2.11227890e-02, 0.00000000e+00,
       0.00000000e+00, 0.00000000e+00, 8.20000000e-04, 3.28121000e-03,
       2.97359700e-03, 2.97359700e-03, 1.54000000e-04, 7.69000000e-04,
       2.61471400e-03, 1.09202770e-02, 7.99794900e-03, 2.05588310e-02,
       8.72000000e-04, 8.72000000e-04, 3.59000000e-04, 2.05000000e-04,
       3.59000000e-04, 1.03000000e-04, 5.13000000e-05, 2.05000000e-04,
       1.54000000e-04, 7.18000000e-04, 1.48679800e-03, 3.22994100e-03,
       1.95847220e-02, 1.22019990e-02, 1.95847220e-02, 4.10000000e-04,
       0.00000000e+00, 7.18000000e-04, 6.15000000e-04, 4.61000000e-04,
       5.64000000e-04, 9.74000000e-04, 2.05000000e-04, 4.61000000e-04,
       4.10000000e-04, 7.18000000e-04, 5.13000000e-05, 6.66000000e-04,
       4.61000000e-04, 1.07664700e-03, 7.18000000e-04, 5.64000000e-04,
       1.43552900e-03, 0.00000000e+00, 1.12791600e-03, 1.23045400e-03,
       6.15000000e-04, 4.61000000e-04, 1.03000000e-04, 2.56000000e-04,
       4.61000000e-04, 5.13000000e-05, 2.05000000e-04, 3.59000000e-04,
       5.13000000e-05, 3.59000000e-04, 0.00000000e+00, 1.79441200e-03,
       0.00000000e+00, 3.66572670e-02, 4.35785700e-03, 1.69700080e-02,
       1.13816970e-02, 3.05562680e-02, 1.06126630e-02, 7.69033600e-03,
       7.38272200e-03, 2.05588310e-02, 2.15329400e-03, 8.71571400e-03,
       1.94821840e-02, 8.20302500e-03, 2.72237890e-02, 3.10689570e-02,
       1.47141760e-02, 2.56000000e-04, 2.75314020e-02, 2.80953600e-02,
       2.86593180e-02, 6.40861300e-03, 5.28069700e-03, 1.04075880e-02,
       1.02537800e-03, 6.30607500e-03, 3.74263000e-03, 1.03000000e-04,
       1.03000000e-04, 1.03000000e-04, 0.00000000e+00])]
Common Instance for Type-1 Error
{34, 3, 70, 74, 51, 23, 88, 57}
Common Instance for Type-2 Error
set()