KNN
Confusion Matrix:
 [[23 11]
 [19 66]]

Type-1 Error Instance:
[array([2.91046219e-01, 0.00000000e+00, 2.97814740e-02, 0.00000000e+00,
       0.00000000e+00, 0.00000000e+00, 3.67433800e-03, 1.93386200e-03,
       4.64126900e-03, 4.64126900e-03, 0.00000000e+00, 0.00000000e+00,
       3.87000000e-04, 1.35370300e-03, 1.54709000e-03, 1.64378260e-02,
       1.35370300e-03, 6.18835800e-03, 4.06111000e-03, 3.28756500e-03,
       3.67433800e-03, 1.35370300e-03, 1.35370300e-03, 1.54709000e-03,
       1.54709000e-03, 1.16031700e-03, 9.67000000e-04, 4.64126900e-03,
       2.97814740e-02, 1.70179850e-02, 2.97814740e-02, 0.00000000e+00,
       0.00000000e+00, 1.93000000e-04, 0.00000000e+00, 9.67000000e-04,
       9.67000000e-04, 9.67000000e-04, 5.80000000e-04, 3.87000000e-04,
       1.35370300e-03, 0.00000000e+00, 1.93000000e-04, 4.64126900e-03,
       0.00000000e+00, 9.67000000e-04, 1.35370300e-03, 7.74000000e-04,
       0.00000000e+00, 0.00000000e+00, 1.93000000e-04, 3.86772400e-03,
       9.67000000e-04, 0.00000000e+00, 0.00000000e+00, 2.70740700e-03,
       0.00000000e+00, 3.87000000e-04, 1.93000000e-04, 1.93000000e-04,
       0.00000000e+00, 1.93000000e-04, 0.00000000e+00, 1.93000000e-04,
       0.00000000e+00, 3.77103070e-02, 5.99497200e-03, 8.70237900e-03,
       1.06362410e-02, 4.77663890e-02, 1.74047600e-03, 1.00560820e-02,
       1.08296270e-02, 5.49216790e-02, 2.70740700e-03, 3.67433800e-03,
       3.01682460e-02, 1.50841230e-02, 4.58325280e-02, 6.61380780e-02,
       3.69367630e-02, 0.00000000e+00, 1.58576680e-02, 1.75981430e-02,
       4.91200930e-02, 2.03055500e-02, 1.50841230e-02, 9.67000000e-04,
       1.16031700e-03, 4.83465500e-03, 7.74000000e-04, 0.00000000e+00,
       0.00000000e+00, 0.00000000e+00, 0.00000000e+00]), array([6.5444280e-02, 2.5898000e-04, 5.1800000e-05, 1.1498718e-02,
       0.0000000e+00, 4.4026600e-04, 0.0000000e+00, 8.5463400e-04,
       1.4502890e-03, 1.4502890e-03, 3.4962320e-03, 1.0359200e-04,
       1.8387590e-03, 2.6260586e-02, 1.7610649e-02, 5.1796030e-03,
       1.9319918e-02, 9.4268770e-03, 5.6716650e-03, 4.4803560e-03,
       2.5121070e-03, 3.9106000e-03, 2.2531270e-03, 1.5797790e-03,
       8.8053200e-04, 1.5797790e-03, 3.2916375e-02, 3.1155310e-02,
       0.0000000e+00, 2.0718400e-04, 0.0000000e+00, 0.0000000e+00,
       2.5900000e-05, 1.1654110e-03, 8.8053200e-04, 1.3233885e-02,
       2.9782720e-03, 1.6574730e-03, 6.7593820e-03, 3.6257200e-04,
       4.1436800e-04, 1.3725950e-03, 0.0000000e+00, 5.1800000e-05,
       5.4385800e-04, 1.8128600e-04, 1.2431050e-03, 4.1436800e-04,
       0.0000000e+00, 0.0000000e+00, 4.1436800e-04, 8.8053200e-04,
       1.1654110e-03, 2.5898000e-04, 1.2949000e-04, 5.1800000e-05,
       0.0000000e+00, 1.5538800e-04, 0.0000000e+00, 0.0000000e+00,
       0.0000000e+00, 0.0000000e+00, 0.0000000e+00, 2.5639030e-03,
       0.0000000e+00, 4.1514516e-02, 1.0229715e-02, 2.1806127e-02,
       2.8772693e-02, 5.1951415e-02, 1.2560537e-02, 2.4033357e-02,
       1.4943154e-02, 6.0730842e-02, 1.6833710e-03, 6.7852800e-03,
       3.6904669e-02, 1.6160361e-02, 4.9620594e-02, 6.9562065e-02,
       3.6593893e-02, 0.0000000e+00, 4.2110170e-02, 2.6752648e-02,
       5.7415896e-02, 1.7118587e-02, 6.5521970e-03, 6.5780950e-03,
       2.2349986e-02, 3.7811100e-03, 3.1854560e-03, 9.5822650e-03,
       0.0000000e+00, 9.5822650e-03, 0.0000000e+00]), array([0.07010964, 0.0017311 , 0.02596653, 0.000289  , 0.        ,
       0.000289  , 0.00432775, 0.01038661, 0.00836699, 0.00836699,
       0.000289  , 0.00288517, 0.000866  , 0.00692441, 0.01500289,
       0.03808425, 0.00548182, 0.00836699, 0.00519331, 0.00519331,
       0.        , 0.00201962, 0.000577  , 0.000866  , 0.000866  ,
       0.00461627, 0.00490479, 0.00807848, 0.03635315, 0.02106174,
       0.03635315, 0.0017311 , 0.        , 0.00288517, 0.000577  ,
       0.000866  , 0.000866  , 0.00230814, 0.        , 0.        ,
       0.000577  , 0.000577  , 0.        , 0.        , 0.        ,
       0.00288517, 0.0017311 , 0.000577  , 0.        , 0.        ,
       0.00230814, 0.00115407, 0.000866  , 0.000577  , 0.        ,
       0.        , 0.00115407, 0.        , 0.        , 0.000577  ,
       0.000289  , 0.000577  , 0.        , 0.00605886, 0.        ,
       0.04154645, 0.01471437, 0.03519908, 0.02423543, 0.0441431 ,
       0.00952106, 0.00288517, 0.0152914 , 0.03260242, 0.00115407,
       0.00923254, 0.0305828 , 0.01413733, 0.01990767, 0.02481246,
       0.0152914 , 0.        , 0.03519908, 0.02308136, 0.04443162,
       0.01125216, 0.01673399, 0.00952106, 0.00201962, 0.00461627,
       0.000866  , 0.        , 0.        , 0.        , 0.        ]), array([1.13392218e-01, 0.00000000e+00, 8.51436300e-03, 7.96000000e-05,
       0.00000000e+00, 0.00000000e+00, 3.18293900e-03, 7.16000000e-04,
       1.19360200e-03, 1.19360200e-03, 0.00000000e+00, 0.00000000e+00,
       9.15095100e-03, 3.66038000e-03, 2.29171640e-02, 3.68425240e-02,
       1.51189600e-03, 2.46677800e-03, 1.75061700e-03, 2.39000000e-04,
       7.16000000e-04, 2.39000000e-04, 6.37000000e-04, 5.57000000e-04,
       1.59147000e-03, 2.22805800e-03, 6.12715800e-03, 2.70549900e-03,
       2.53839420e-02, 5.25185000e-03, 2.53839420e-02, 7.16000000e-04,
       0.00000000e+00, 2.86464600e-03, 1.75061700e-03, 5.41099700e-03,
       1.59147000e-03, 8.75000000e-04, 3.18293900e-03, 8.75000000e-04,
       7.16000000e-04, 4.37654200e-03, 3.18000000e-04, 4.77000000e-04,
       1.27317600e-03, 2.14848400e-03, 1.98933700e-03, 1.35274900e-03,
       2.94421900e-03, 1.59000000e-04, 2.38720500e-03, 2.54635200e-03,
       2.54635200e-03, 1.19360200e-03, 7.96000000e-05, 7.16000000e-04,
       0.00000000e+00, 1.59000000e-04, 7.96000000e-05, 4.77000000e-04,
       0.00000000e+00, 4.77000000e-04, 0.00000000e+00, 1.19360200e-03,
       0.00000000e+00, 5.75316300e-02, 8.35521600e-03, 2.68162650e-02,
       3.84339940e-02, 6.53298320e-02, 1.55168300e-02, 1.26521840e-02,
       2.96013370e-02, 4.79828120e-02, 7.96000000e-04, 2.14848400e-03,
       2.76120000e-02, 2.02116650e-02, 4.74257980e-02, 4.64709160e-02,
       1.92567840e-02, 2.38720500e-03, 4.73462240e-02, 3.88318610e-02,
       6.83536250e-02, 2.18827090e-02, 4.45611500e-03, 1.75857400e-02,
       2.54635200e-03, 5.72929100e-03, 6.37000000e-04, 0.00000000e+00,
       0.00000000e+00, 0.00000000e+00, 0.00000000e+00])]
Type-2 Error Instance:
[array([0.05716878, 0.00090744, 0.06170599, 0.        , 0.        ,
       0.        , 0.        , 0.        , 0.00090744, 0.00090744,
       0.        , 0.        , 0.00181488, 0.01179673, 0.01179673,
       0.04083485, 0.00272232, 0.00816697, 0.00090744, 0.00272232,
       0.        , 0.00090744, 0.        , 0.00181488, 0.00090744,
       0.00272232, 0.00272232, 0.00090744, 0.02359347, 0.03357532,
       0.02359347, 0.        , 0.        , 0.00272232, 0.0045372 ,
       0.00725953, 0.0045372 , 0.00362976, 0.00090744, 0.00181488,
       0.00090744, 0.00272232, 0.        , 0.        , 0.0045372 ,
       0.00272232, 0.00090744, 0.00272232, 0.00544465, 0.        ,
       0.0045372 , 0.00544465, 0.00635209, 0.00272232, 0.        ,
       0.00090744, 0.00181488, 0.00272232, 0.        , 0.        ,
       0.        , 0.        , 0.        , 0.00181488, 0.        ,
       0.03448276, 0.00635209, 0.02813067, 0.02268602, 0.0707804 ,
       0.0045372 , 0.02087114, 0.02540835, 0.03901996, 0.00090744,
       0.00272232, 0.04264973, 0.02177858, 0.03811252, 0.04083485,
       0.02177858, 0.00181488, 0.02359347, 0.03901996, 0.0753176 ,
       0.01361162, 0.01179673, 0.01179673, 0.00998185, 0.00907441,
       0.        , 0.        , 0.00090744, 0.        , 0.        ]), array([0.07969508, 0.        , 0.01663202, 0.00554401, 0.        ,
       0.003465  , 0.        , 0.        , 0.        , 0.        ,
       0.        , 0.        , 0.001386  , 0.01663202, 0.00693001,
       0.01663202, 0.01940402, 0.004158  , 0.004158  , 0.00554401,
       0.002772  , 0.003465  , 0.002079  , 0.002079  , 0.001386  ,
       0.001386  , 0.02009702, 0.02009702, 0.03603604, 0.00762301,
       0.03672904, 0.        , 0.        , 0.002079  , 0.        ,
       0.002772  , 0.002079  , 0.00554401, 0.00554401, 0.        ,
       0.002079  , 0.002079  , 0.        , 0.        , 0.000693  ,
       0.001386  , 0.000693  , 0.        , 0.001386  , 0.        ,
       0.001386  , 0.003465  , 0.002772  , 0.        , 0.        ,
       0.000693  , 0.        , 0.        , 0.        , 0.        ,
       0.        , 0.        , 0.        , 0.001386  , 0.        ,
       0.03326403, 0.01524601, 0.02356202, 0.04712405, 0.06791407,
       0.01247401, 0.02079002, 0.02841303, 0.05058905, 0.        ,
       0.002079  , 0.03811504, 0.00693001, 0.04158004, 0.04365904,
       0.01316701, 0.000693  , 0.05474706, 0.02079002, 0.07692308,
       0.00623701, 0.01178101, 0.00554401, 0.00831601, 0.004158  ,
       0.001386  , 0.00693001, 0.        , 0.00762301, 0.        ]), array([0.18726115, 0.00212314, 0.02717622, 0.000849  , 0.        ,
       0.        , 0.00169851, 0.00169851, 0.        , 0.        ,
       0.        , 0.        , 0.000849  , 0.02887473, 0.00721868,
       0.01783439, 0.00169851, 0.000849  , 0.00552017, 0.000425  ,
       0.000849  , 0.00382166, 0.00212314, 0.00127388, 0.00127388,
       0.00127388, 0.00212314, 0.00169851, 0.02717622, 0.01358811,
       0.02717622, 0.000849  , 0.        , 0.00127388, 0.        ,
       0.00169851, 0.000425  , 0.000849  , 0.00127388, 0.        ,
       0.000425  , 0.00212314, 0.        , 0.        , 0.        ,
       0.        , 0.        , 0.        , 0.00127388, 0.        ,
       0.000425  , 0.        , 0.000849  , 0.        , 0.        ,
       0.000849  , 0.        , 0.000425  , 0.        , 0.        ,
       0.        , 0.        , 0.        , 0.01019108, 0.        ,
       0.06369427, 0.0089172 , 0.02505308, 0.02547771, 0.05690021,
       0.01953291, 0.0089172 , 0.01656051, 0.03481953, 0.        ,
       0.0029724 , 0.02845011, 0.00934183, 0.03821656, 0.04501062,
       0.02632696, 0.00127388, 0.04840764, 0.04798301, 0.05987261,
       0.01656051, 0.00934183, 0.00976645, 0.        , 0.00721868,
       0.        , 0.        , 0.        , 0.        , 0.        ]), array([1.08101974e-01, 2.15598800e-03, 3.49496940e-02, 8.32000000e-04,
       6.81000000e-04, 4.54000000e-04, 2.08033900e-03, 1.21037900e-03,
       3.13942100e-03, 3.13942100e-03, 3.03000000e-04, 4.54000000e-04,
       2.65000000e-04, 1.13473030e-02, 1.58105760e-02, 3.71435060e-02,
       6.69490900e-03, 8.54830200e-03, 4.08502900e-03, 4.87934000e-03,
       2.19381200e-03, 1.89121700e-03, 2.00469000e-03, 1.47514900e-03,
       1.81556800e-03, 1.47514900e-03, 5.78712500e-03, 4.27415100e-03,
       2.94651640e-02, 2.10303350e-02, 2.93138660e-02, 2.76117700e-03,
       2.27000000e-04, 1.55079800e-03, 9.83000000e-04, 1.85339300e-03,
       4.92000000e-04, 8.70000000e-04, 3.78000000e-04, 4.16000000e-04,
       6.05000000e-04, 1.17255500e-03, 5.67000000e-04, 4.92000000e-04,
       6.05000000e-04, 4.16000000e-04, 1.32385200e-03, 7.94000000e-04,
       4.16000000e-04, 1.89000000e-04, 1.17255500e-03, 5.30000000e-04,
       7.94000000e-04, 3.78000000e-05, 3.40000000e-04, 4.92000000e-04,
       4.16000000e-04, 3.03000000e-04, 1.13000000e-04, 2.19381200e-03,
       4.16000000e-04, 6.43000000e-04, 1.28602800e-03, 1.21416140e-02,
       3.40000000e-04, 4.98903090e-02, 6.43013800e-03, 2.21272410e-02,
       2.30350250e-02, 4.55783340e-02, 9.22914000e-03, 1.52810350e-02,
       1.91391180e-02, 4.13420080e-02, 3.66896100e-03, 2.76117700e-03,
       2.29593770e-02, 2.15977000e-02, 2.79143660e-02, 2.41697560e-02,
       2.77630680e-02, 2.53423100e-03, 2.96921100e-02, 3.12429080e-02,
       5.21975940e-02, 6.12754400e-03, 1.31628720e-02, 1.47136700e-02,
       2.98812300e-03, 6.92185500e-03, 7.94000000e-04, 8.32000000e-04,
       1.13473000e-03, 1.21037900e-03, 1.13000000e-04])]SVM with linear kernel
Confusion Matrix:
 [[ 0 34]
 [ 0 85]]

Type-1 Error Instance:
[array([1.04552086e-01, 5.92004000e-04, 6.93912930e-02, 1.05715000e-04,
       4.22860000e-04, 0.00000000e+00, 7.82291000e-04, 3.65773700e-03,
       3.38287800e-03, 3.38287800e-03, 1.69144000e-04, 1.90287000e-04,
       1.76543970e-02, 6.40632600e-03, 1.51595240e-02, 1.89864050e-02,
       5.07431800e-03, 4.65145800e-03, 3.44630700e-03, 1.96629800e-03,
       2.72744600e-03, 2.76973200e-03, 3.12916300e-03, 1.56458100e-03,
       2.13544200e-03, 1.73372500e-03, 2.07201300e-02, 2.62173100e-03,
       5.39146200e-03, 8.22462300e-03, 5.43374800e-03, 1.37429400e-03,
       4.23000000e-05, 2.38915800e-03, 2.47373000e-03, 4.08059700e-03,
       1.77601100e-03, 2.41030100e-03, 1.73372500e-03, 1.01486400e-03,
       2.07201300e-03, 3.89031000e-03, 4.86289000e-04, 2.96002000e-04,
       3.19259100e-03, 3.12916300e-03, 1.69143900e-03, 2.09315600e-03,
       1.73372500e-03, 8.88006000e-04, 2.22001400e-03, 2.30458600e-03,
       4.05945400e-03, 2.43144400e-03, 9.09149000e-04, 1.01486400e-03,
       6.34290000e-04, 1.01486400e-03, 3.38288000e-04, 2.68516000e-03,
       7.82290600e-03, 2.68516000e-03, 1.05715000e-04, 9.66234600e-03,
       0.00000000e+00, 4.68105800e-02, 8.16119400e-03, 2.80567480e-02,
       1.98955540e-02, 5.70437870e-02, 8.60519700e-03, 1.00217770e-02,
       1.87749750e-02, 3.74653780e-02, 1.79715400e-03, 5.22231900e-03,
       2.85218940e-02, 1.73795380e-02, 3.28350640e-02, 4.70008670e-02,
       2.86910370e-02, 1.22629300e-03, 3.43996450e-02, 4.08694000e-02,
       5.97923760e-02, 2.87756090e-02, 8.77434100e-03, 9.78920400e-03,
       3.80573800e-03, 1.32566550e-02, 1.43772300e-03, 4.88403100e-03,
       6.97719000e-04, 4.88403100e-03, 4.23000000e-05]), array([2.91046219e-01, 0.00000000e+00, 2.97814740e-02, 0.00000000e+00,
       0.00000000e+00, 0.00000000e+00, 3.67433800e-03, 1.93386200e-03,
       4.64126900e-03, 4.64126900e-03, 0.00000000e+00, 0.00000000e+00,
       3.87000000e-04, 1.35370300e-03, 1.54709000e-03, 1.64378260e-02,
       1.35370300e-03, 6.18835800e-03, 4.06111000e-03, 3.28756500e-03,
       3.67433800e-03, 1.35370300e-03, 1.35370300e-03, 1.54709000e-03,
       1.54709000e-03, 1.16031700e-03, 9.67000000e-04, 4.64126900e-03,
       2.97814740e-02, 1.70179850e-02, 2.97814740e-02, 0.00000000e+00,
       0.00000000e+00, 1.93000000e-04, 0.00000000e+00, 9.67000000e-04,
       9.67000000e-04, 9.67000000e-04, 5.80000000e-04, 3.87000000e-04,
       1.35370300e-03, 0.00000000e+00, 1.93000000e-04, 4.64126900e-03,
       0.00000000e+00, 9.67000000e-04, 1.35370300e-03, 7.74000000e-04,
       0.00000000e+00, 0.00000000e+00, 1.93000000e-04, 3.86772400e-03,
       9.67000000e-04, 0.00000000e+00, 0.00000000e+00, 2.70740700e-03,
       0.00000000e+00, 3.87000000e-04, 1.93000000e-04, 1.93000000e-04,
       0.00000000e+00, 1.93000000e-04, 0.00000000e+00, 1.93000000e-04,
       0.00000000e+00, 3.77103070e-02, 5.99497200e-03, 8.70237900e-03,
       1.06362410e-02, 4.77663890e-02, 1.74047600e-03, 1.00560820e-02,
       1.08296270e-02, 5.49216790e-02, 2.70740700e-03, 3.67433800e-03,
       3.01682460e-02, 1.50841230e-02, 4.58325280e-02, 6.61380780e-02,
       3.69367630e-02, 0.00000000e+00, 1.58576680e-02, 1.75981430e-02,
       4.91200930e-02, 2.03055500e-02, 1.50841230e-02, 9.67000000e-04,
       1.16031700e-03, 4.83465500e-03, 7.74000000e-04, 0.00000000e+00,
       0.00000000e+00, 0.00000000e+00, 0.00000000e+00]), array([0.07859889, 0.000427  , 0.04613413, 0.00469885, 0.        ,
       0.        , 0.00427168, 0.        , 0.000854  , 0.000854  ,
       0.        , 0.        , 0.00213584, 0.00939769, 0.00768902,
       0.03075609, 0.00469885, 0.0106792 , 0.00341734, 0.00213584,
       0.000427  , 0.000427  , 0.000427  , 0.000427  , 0.00683469,
       0.        , 0.000854  , 0.00427168, 0.03716361, 0.02349423,
       0.03716361, 0.000427  , 0.        , 0.000427  , 0.000854  ,
       0.000854  , 0.000854  , 0.0012815 , 0.000427  , 0.        ,
       0.000427  , 0.0012815 , 0.000427  , 0.00384451, 0.        ,
       0.00213584, 0.0012815 , 0.        , 0.        , 0.        ,
       0.000854  , 0.        , 0.000854  , 0.        , 0.        ,
       0.00299017, 0.000854  , 0.00512602, 0.        , 0.000427  ,
       0.        , 0.000427  , 0.        , 0.00384451, 0.        ,
       0.06279368, 0.00768902, 0.03075609, 0.02605724, 0.05510466,
       0.01580521, 0.01409654, 0.02819308, 0.05553182, 0.00213584,
       0.00512602, 0.04228962, 0.01665955, 0.03289193, 0.03844511,
       0.02007689, 0.00213584, 0.03246476, 0.04912431, 0.03545493,
       0.02605724, 0.00854336, 0.00427168, 0.00683469, 0.00982486,
       0.00341734, 0.        , 0.        , 0.        , 0.        ]), array([6.5444280e-02, 2.5898000e-04, 5.1800000e-05, 1.1498718e-02,
       0.0000000e+00, 4.4026600e-04, 0.0000000e+00, 8.5463400e-04,
       1.4502890e-03, 1.4502890e-03, 3.4962320e-03, 1.0359200e-04,
       1.8387590e-03, 2.6260586e-02, 1.7610649e-02, 5.1796030e-03,
       1.9319918e-02, 9.4268770e-03, 5.6716650e-03, 4.4803560e-03,
       2.5121070e-03, 3.9106000e-03, 2.2531270e-03, 1.5797790e-03,
       8.8053200e-04, 1.5797790e-03, 3.2916375e-02, 3.1155310e-02,
       0.0000000e+00, 2.0718400e-04, 0.0000000e+00, 0.0000000e+00,
       2.5900000e-05, 1.1654110e-03, 8.8053200e-04, 1.3233885e-02,
       2.9782720e-03, 1.6574730e-03, 6.7593820e-03, 3.6257200e-04,
       4.1436800e-04, 1.3725950e-03, 0.0000000e+00, 5.1800000e-05,
       5.4385800e-04, 1.8128600e-04, 1.2431050e-03, 4.1436800e-04,
       0.0000000e+00, 0.0000000e+00, 4.1436800e-04, 8.8053200e-04,
       1.1654110e-03, 2.5898000e-04, 1.2949000e-04, 5.1800000e-05,
       0.0000000e+00, 1.5538800e-04, 0.0000000e+00, 0.0000000e+00,
       0.0000000e+00, 0.0000000e+00, 0.0000000e+00, 2.5639030e-03,
       0.0000000e+00, 4.1514516e-02, 1.0229715e-02, 2.1806127e-02,
       2.8772693e-02, 5.1951415e-02, 1.2560537e-02, 2.4033357e-02,
       1.4943154e-02, 6.0730842e-02, 1.6833710e-03, 6.7852800e-03,
       3.6904669e-02, 1.6160361e-02, 4.9620594e-02, 6.9562065e-02,
       3.6593893e-02, 0.0000000e+00, 4.2110170e-02, 2.6752648e-02,
       5.7415896e-02, 1.7118587e-02, 6.5521970e-03, 6.5780950e-03,
       2.2349986e-02, 3.7811100e-03, 3.1854560e-03, 9.5822650e-03,
       0.0000000e+00, 9.5822650e-03, 0.0000000e+00])]
Type-2 Error Instance:
[]SVM with RBF kernel
Confusion Matrix:
 [[ 4 30]
 [ 1 84]]

Type-1 Error Instance:
[array([1.04552086e-01, 5.92004000e-04, 6.93912930e-02, 1.05715000e-04,
       4.22860000e-04, 0.00000000e+00, 7.82291000e-04, 3.65773700e-03,
       3.38287800e-03, 3.38287800e-03, 1.69144000e-04, 1.90287000e-04,
       1.76543970e-02, 6.40632600e-03, 1.51595240e-02, 1.89864050e-02,
       5.07431800e-03, 4.65145800e-03, 3.44630700e-03, 1.96629800e-03,
       2.72744600e-03, 2.76973200e-03, 3.12916300e-03, 1.56458100e-03,
       2.13544200e-03, 1.73372500e-03, 2.07201300e-02, 2.62173100e-03,
       5.39146200e-03, 8.22462300e-03, 5.43374800e-03, 1.37429400e-03,
       4.23000000e-05, 2.38915800e-03, 2.47373000e-03, 4.08059700e-03,
       1.77601100e-03, 2.41030100e-03, 1.73372500e-03, 1.01486400e-03,
       2.07201300e-03, 3.89031000e-03, 4.86289000e-04, 2.96002000e-04,
       3.19259100e-03, 3.12916300e-03, 1.69143900e-03, 2.09315600e-03,
       1.73372500e-03, 8.88006000e-04, 2.22001400e-03, 2.30458600e-03,
       4.05945400e-03, 2.43144400e-03, 9.09149000e-04, 1.01486400e-03,
       6.34290000e-04, 1.01486400e-03, 3.38288000e-04, 2.68516000e-03,
       7.82290600e-03, 2.68516000e-03, 1.05715000e-04, 9.66234600e-03,
       0.00000000e+00, 4.68105800e-02, 8.16119400e-03, 2.80567480e-02,
       1.98955540e-02, 5.70437870e-02, 8.60519700e-03, 1.00217770e-02,
       1.87749750e-02, 3.74653780e-02, 1.79715400e-03, 5.22231900e-03,
       2.85218940e-02, 1.73795380e-02, 3.28350640e-02, 4.70008670e-02,
       2.86910370e-02, 1.22629300e-03, 3.43996450e-02, 4.08694000e-02,
       5.97923760e-02, 2.87756090e-02, 8.77434100e-03, 9.78920400e-03,
       3.80573800e-03, 1.32566550e-02, 1.43772300e-03, 4.88403100e-03,
       6.97719000e-04, 4.88403100e-03, 4.23000000e-05]), array([2.91046219e-01, 0.00000000e+00, 2.97814740e-02, 0.00000000e+00,
       0.00000000e+00, 0.00000000e+00, 3.67433800e-03, 1.93386200e-03,
       4.64126900e-03, 4.64126900e-03, 0.00000000e+00, 0.00000000e+00,
       3.87000000e-04, 1.35370300e-03, 1.54709000e-03, 1.64378260e-02,
       1.35370300e-03, 6.18835800e-03, 4.06111000e-03, 3.28756500e-03,
       3.67433800e-03, 1.35370300e-03, 1.35370300e-03, 1.54709000e-03,
       1.54709000e-03, 1.16031700e-03, 9.67000000e-04, 4.64126900e-03,
       2.97814740e-02, 1.70179850e-02, 2.97814740e-02, 0.00000000e+00,
       0.00000000e+00, 1.93000000e-04, 0.00000000e+00, 9.67000000e-04,
       9.67000000e-04, 9.67000000e-04, 5.80000000e-04, 3.87000000e-04,
       1.35370300e-03, 0.00000000e+00, 1.93000000e-04, 4.64126900e-03,
       0.00000000e+00, 9.67000000e-04, 1.35370300e-03, 7.74000000e-04,
       0.00000000e+00, 0.00000000e+00, 1.93000000e-04, 3.86772400e-03,
       9.67000000e-04, 0.00000000e+00, 0.00000000e+00, 2.70740700e-03,
       0.00000000e+00, 3.87000000e-04, 1.93000000e-04, 1.93000000e-04,
       0.00000000e+00, 1.93000000e-04, 0.00000000e+00, 1.93000000e-04,
       0.00000000e+00, 3.77103070e-02, 5.99497200e-03, 8.70237900e-03,
       1.06362410e-02, 4.77663890e-02, 1.74047600e-03, 1.00560820e-02,
       1.08296270e-02, 5.49216790e-02, 2.70740700e-03, 3.67433800e-03,
       3.01682460e-02, 1.50841230e-02, 4.58325280e-02, 6.61380780e-02,
       3.69367630e-02, 0.00000000e+00, 1.58576680e-02, 1.75981430e-02,
       4.91200930e-02, 2.03055500e-02, 1.50841230e-02, 9.67000000e-04,
       1.16031700e-03, 4.83465500e-03, 7.74000000e-04, 0.00000000e+00,
       0.00000000e+00, 0.00000000e+00, 0.00000000e+00]), array([0.07859889, 0.000427  , 0.04613413, 0.00469885, 0.        ,
       0.        , 0.00427168, 0.        , 0.000854  , 0.000854  ,
       0.        , 0.        , 0.00213584, 0.00939769, 0.00768902,
       0.03075609, 0.00469885, 0.0106792 , 0.00341734, 0.00213584,
       0.000427  , 0.000427  , 0.000427  , 0.000427  , 0.00683469,
       0.        , 0.000854  , 0.00427168, 0.03716361, 0.02349423,
       0.03716361, 0.000427  , 0.        , 0.000427  , 0.000854  ,
       0.000854  , 0.000854  , 0.0012815 , 0.000427  , 0.        ,
       0.000427  , 0.0012815 , 0.000427  , 0.00384451, 0.        ,
       0.00213584, 0.0012815 , 0.        , 0.        , 0.        ,
       0.000854  , 0.        , 0.000854  , 0.        , 0.        ,
       0.00299017, 0.000854  , 0.00512602, 0.        , 0.000427  ,
       0.        , 0.000427  , 0.        , 0.00384451, 0.        ,
       0.06279368, 0.00768902, 0.03075609, 0.02605724, 0.05510466,
       0.01580521, 0.01409654, 0.02819308, 0.05553182, 0.00213584,
       0.00512602, 0.04228962, 0.01665955, 0.03289193, 0.03844511,
       0.02007689, 0.00213584, 0.03246476, 0.04912431, 0.03545493,
       0.02605724, 0.00854336, 0.00427168, 0.00683469, 0.00982486,
       0.00341734, 0.        , 0.        , 0.        , 0.        ]), array([6.5444280e-02, 2.5898000e-04, 5.1800000e-05, 1.1498718e-02,
       0.0000000e+00, 4.4026600e-04, 0.0000000e+00, 8.5463400e-04,
       1.4502890e-03, 1.4502890e-03, 3.4962320e-03, 1.0359200e-04,
       1.8387590e-03, 2.6260586e-02, 1.7610649e-02, 5.1796030e-03,
       1.9319918e-02, 9.4268770e-03, 5.6716650e-03, 4.4803560e-03,
       2.5121070e-03, 3.9106000e-03, 2.2531270e-03, 1.5797790e-03,
       8.8053200e-04, 1.5797790e-03, 3.2916375e-02, 3.1155310e-02,
       0.0000000e+00, 2.0718400e-04, 0.0000000e+00, 0.0000000e+00,
       2.5900000e-05, 1.1654110e-03, 8.8053200e-04, 1.3233885e-02,
       2.9782720e-03, 1.6574730e-03, 6.7593820e-03, 3.6257200e-04,
       4.1436800e-04, 1.3725950e-03, 0.0000000e+00, 5.1800000e-05,
       5.4385800e-04, 1.8128600e-04, 1.2431050e-03, 4.1436800e-04,
       0.0000000e+00, 0.0000000e+00, 4.1436800e-04, 8.8053200e-04,
       1.1654110e-03, 2.5898000e-04, 1.2949000e-04, 5.1800000e-05,
       0.0000000e+00, 1.5538800e-04, 0.0000000e+00, 0.0000000e+00,
       0.0000000e+00, 0.0000000e+00, 0.0000000e+00, 2.5639030e-03,
       0.0000000e+00, 4.1514516e-02, 1.0229715e-02, 2.1806127e-02,
       2.8772693e-02, 5.1951415e-02, 1.2560537e-02, 2.4033357e-02,
       1.4943154e-02, 6.0730842e-02, 1.6833710e-03, 6.7852800e-03,
       3.6904669e-02, 1.6160361e-02, 4.9620594e-02, 6.9562065e-02,
       3.6593893e-02, 0.0000000e+00, 4.2110170e-02, 2.6752648e-02,
       5.7415896e-02, 1.7118587e-02, 6.5521970e-03, 6.5780950e-03,
       2.2349986e-02, 3.7811100e-03, 3.1854560e-03, 9.5822650e-03,
       0.0000000e+00, 9.5822650e-03, 0.0000000e+00])]
Type-2 Error Instance:
[array([3.90093762e-01, 8.26000000e-04, 3.45692380e-02, 6.27000000e-04,
       0.00000000e+00, 2.16592100e-03, 1.31095200e-03, 7.46672700e-03,
       7.69000000e-04, 7.69000000e-04, 1.14000000e-04, 0.00000000e+00,
       6.55000000e-04, 5.61429500e-03, 1.03451220e-02, 2.47370970e-02,
       1.63584030e-02, 7.83721400e-03, 6.52626200e-03, 3.10638700e-03,
       3.61936800e-03, 2.50790800e-03, 2.90689400e-03, 2.39391300e-03,
       1.93792900e-03, 2.25141800e-03, 3.41987500e-03, 3.59086900e-03,
       3.14913510e-02, 2.39676250e-02, 3.14343530e-02, 1.33945100e-03,
       0.00000000e+00, 5.70000000e-05, 2.85000000e-05, 1.08296000e-03,
       3.99000000e-04, 2.85000000e-05, 2.85000000e-05, 0.00000000e+00,
       2.85000000e-05, 0.00000000e+00, 0.00000000e+00, 0.00000000e+00,
       2.85000000e-05, 2.85000000e-05, 2.85000000e-05, 2.85000000e-05,
       0.00000000e+00, 0.00000000e+00, 0.00000000e+00, 1.14000000e-04,
       8.55000000e-05, 8.55000000e-05, 0.00000000e+00, 0.00000000e+00,
       0.00000000e+00, 2.85000000e-05, 0.00000000e+00, 2.85000000e-05,
       0.00000000e+00, 2.85000000e-05, 0.00000000e+00, 5.41480200e-03,
       0.00000000e+00, 2.21721910e-02, 9.14816600e-03, 1.10290970e-02,
       2.92684320e-02, 2.72165070e-02, 5.04431600e-03, 1.78973470e-02,
       1.81823360e-02, 2.44806060e-02, 1.48194600e-03, 1.56744300e-03,
       2.15737130e-02, 7.78021600e-03, 1.47054630e-02, 1.08866030e-02,
       1.62444070e-02, 0.00000000e+00, 2.45376040e-02, 1.21120580e-02,
       4.58548260e-02, 2.65040300e-03, 2.02342600e-03, 6.75425300e-03,
       3.10638700e-03, 3.07788800e-03, 3.13000000e-04, 1.14000000e-04,
       5.70000000e-05, 1.14000000e-04, 0.00000000e+00])]MLP
Confusion Matrix:
 [[14 20]
 [ 7 78]]

Type-1 Error Instance:
[array([0.07859889, 0.000427  , 0.04613413, 0.00469885, 0.        ,
       0.        , 0.00427168, 0.        , 0.000854  , 0.000854  ,
       0.        , 0.        , 0.00213584, 0.00939769, 0.00768902,
       0.03075609, 0.00469885, 0.0106792 , 0.00341734, 0.00213584,
       0.000427  , 0.000427  , 0.000427  , 0.000427  , 0.00683469,
       0.        , 0.000854  , 0.00427168, 0.03716361, 0.02349423,
       0.03716361, 0.000427  , 0.        , 0.000427  , 0.000854  ,
       0.000854  , 0.000854  , 0.0012815 , 0.000427  , 0.        ,
       0.000427  , 0.0012815 , 0.000427  , 0.00384451, 0.        ,
       0.00213584, 0.0012815 , 0.        , 0.        , 0.        ,
       0.000854  , 0.        , 0.000854  , 0.        , 0.        ,
       0.00299017, 0.000854  , 0.00512602, 0.        , 0.000427  ,
       0.        , 0.000427  , 0.        , 0.00384451, 0.        ,
       0.06279368, 0.00768902, 0.03075609, 0.02605724, 0.05510466,
       0.01580521, 0.01409654, 0.02819308, 0.05553182, 0.00213584,
       0.00512602, 0.04228962, 0.01665955, 0.03289193, 0.03844511,
       0.02007689, 0.00213584, 0.03246476, 0.04912431, 0.03545493,
       0.02605724, 0.00854336, 0.00427168, 0.00683469, 0.00982486,
       0.00341734, 0.        , 0.        , 0.        , 0.        ]), array([6.5444280e-02, 2.5898000e-04, 5.1800000e-05, 1.1498718e-02,
       0.0000000e+00, 4.4026600e-04, 0.0000000e+00, 8.5463400e-04,
       1.4502890e-03, 1.4502890e-03, 3.4962320e-03, 1.0359200e-04,
       1.8387590e-03, 2.6260586e-02, 1.7610649e-02, 5.1796030e-03,
       1.9319918e-02, 9.4268770e-03, 5.6716650e-03, 4.4803560e-03,
       2.5121070e-03, 3.9106000e-03, 2.2531270e-03, 1.5797790e-03,
       8.8053200e-04, 1.5797790e-03, 3.2916375e-02, 3.1155310e-02,
       0.0000000e+00, 2.0718400e-04, 0.0000000e+00, 0.0000000e+00,
       2.5900000e-05, 1.1654110e-03, 8.8053200e-04, 1.3233885e-02,
       2.9782720e-03, 1.6574730e-03, 6.7593820e-03, 3.6257200e-04,
       4.1436800e-04, 1.3725950e-03, 0.0000000e+00, 5.1800000e-05,
       5.4385800e-04, 1.8128600e-04, 1.2431050e-03, 4.1436800e-04,
       0.0000000e+00, 0.0000000e+00, 4.1436800e-04, 8.8053200e-04,
       1.1654110e-03, 2.5898000e-04, 1.2949000e-04, 5.1800000e-05,
       0.0000000e+00, 1.5538800e-04, 0.0000000e+00, 0.0000000e+00,
       0.0000000e+00, 0.0000000e+00, 0.0000000e+00, 2.5639030e-03,
       0.0000000e+00, 4.1514516e-02, 1.0229715e-02, 2.1806127e-02,
       2.8772693e-02, 5.1951415e-02, 1.2560537e-02, 2.4033357e-02,
       1.4943154e-02, 6.0730842e-02, 1.6833710e-03, 6.7852800e-03,
       3.6904669e-02, 1.6160361e-02, 4.9620594e-02, 6.9562065e-02,
       3.6593893e-02, 0.0000000e+00, 4.2110170e-02, 2.6752648e-02,
       5.7415896e-02, 1.7118587e-02, 6.5521970e-03, 6.5780950e-03,
       2.2349986e-02, 3.7811100e-03, 3.1854560e-03, 9.5822650e-03,
       0.0000000e+00, 9.5822650e-03, 0.0000000e+00]), array([0.03155604, 0.000363  , 0.04062387, 0.        , 0.        ,
       0.        , 0.00290171, 0.00253899, 0.        , 0.        ,
       0.        , 0.        , 0.000725  , 0.00145085, 0.01595938,
       0.04570185, 0.00181357, 0.00108814, 0.00108814, 0.00108814,
       0.000363  , 0.00108814, 0.000725  , 0.000725  , 0.000363  ,
       0.000725  , 0.00108814, 0.00290171, 0.08015959, 0.0221255 ,
       0.08015959, 0.000363  , 0.        , 0.00326442, 0.00108814,
       0.00217628, 0.00145085, 0.00181357, 0.000363  , 0.000725  ,
       0.000363  , 0.000725  , 0.        , 0.        , 0.00145085,
       0.000363  , 0.00145085, 0.00108814, 0.000363  , 0.        ,
       0.00145085, 0.00181357, 0.000725  , 0.        , 0.        ,
       0.000363  , 0.        , 0.        , 0.        , 0.        ,
       0.        , 0.        , 0.        , 0.000725  , 0.        ,
       0.05440696, 0.00725426, 0.01233225, 0.02176279, 0.03772216,
       0.01777294, 0.0137831 , 0.03735945, 0.08741386, 0.000363  ,
       0.00181357, 0.05368154, 0.01051868, 0.02684077, 0.01632209,
       0.0359086 , 0.        , 0.02974247, 0.02321364, 0.02901705,
       0.00616612, 0.01196953, 0.00398984, 0.000363  , 0.00290171,
       0.000363  , 0.        , 0.00870511, 0.        , 0.        ]), array([0.1032734 , 0.000154  , 0.03534655, 0.00107577, 0.000307  ,
       0.000154  , 0.00138313, 0.        , 0.000461  , 0.000461  ,
       0.        , 0.        , 0.000615  , 0.02335946, 0.00630091,
       0.02213001, 0.00230521, 0.00245889, 0.00322729, 0.00169049,
       0.000307  , 0.00122945, 0.000307  , 0.00107577, 0.00107577,
       0.000461  , 0.00368834, 0.00184417, 0.02919932, 0.01798064,
       0.02919932, 0.000615  , 0.        , 0.00368834, 0.00384202,
       0.00215153, 0.0047641 , 0.000768  , 0.00184417, 0.000154  ,
       0.00307361, 0.00107577, 0.000307  , 0.        , 0.000307  ,
       0.00138313, 0.000307  , 0.000461  , 0.00353465, 0.        ,
       0.00107577, 0.00122945, 0.00138313, 0.000154  , 0.000307  ,
       0.00122945, 0.        , 0.000154  , 0.        , 0.000154  ,
       0.        , 0.000154  , 0.        , 0.00215153, 0.        ,
       0.06500692, 0.00599355, 0.03319502, 0.03842016, 0.06131858,
       0.01091133, 0.01260181, 0.02274474, 0.05132934, 0.00138313,
       0.00660827, 0.03503919, 0.01536807, 0.03211926, 0.03688336,
       0.01337022, 0.000307  , 0.04441371, 0.05179038, 0.06639004,
       0.01275549, 0.02228369, 0.00968188, 0.00153681, 0.00937452,
       0.000154  , 0.000154  , 0.000307  , 0.000154  , 0.        ])]
Type-2 Error Instance:
[array([0.11273614, 0.00030469, 0.007922  , 0.00121877, 0.        ,
       0.02468007, 0.00243754, 0.0353443 , 0.00182815, 0.00182815,
       0.        , 0.00304692, 0.01340646, 0.00426569, 0.00731261,
       0.00700792, 0.015844  , 0.01096892, 0.01035954, 0.00548446,
       0.00914077, 0.01005484, 0.00426569, 0.01310177, 0.00243754,
       0.00700792, 0.01858623, 0.00731261, 0.00517977, 0.01005484,
       0.00517977, 0.00060939, 0.        , 0.007922  , 0.00700792,
       0.0155393 , 0.00182815, 0.00670323, 0.00914077, 0.00853138,
       0.00487508, 0.00457038, 0.00487508, 0.00274223, 0.00243754,
       0.00243754, 0.00487508, 0.00243754, 0.00091408, 0.00304692,
       0.00213285, 0.00487508, 0.00761731, 0.00426569, 0.00426569,
       0.00304692, 0.00243754, 0.00121877, 0.00548446, 0.        ,
       0.        , 0.        , 0.        , 0.00304692, 0.        ,
       0.03686776, 0.01035954, 0.02437538, 0.01828154, 0.04418038,
       0.0155393 , 0.01767215, 0.01645338, 0.03260207, 0.00517977,
       0.00609384, 0.02285192, 0.01218769, 0.03382084, 0.03473492,
       0.02285192, 0.00335162, 0.03107861, 0.02224254, 0.04783668,
       0.01310177, 0.00548446, 0.00761731, 0.00822669, 0.00548446,
       0.00670323, 0.003961  , 0.        , 0.00365631, 0.        ]), array([0.26407767, 0.00291262, 0.0407767 , 0.00291262, 0.        ,
       0.        , 0.00194175, 0.        , 0.        , 0.        ,
       0.        , 0.        , 0.        , 0.06699029, 0.00679612,
       0.02135922, 0.        , 0.        , 0.000971  , 0.        ,
       0.        , 0.        , 0.000971  , 0.000971  , 0.        ,
       0.        , 0.00194175, 0.00291262, 0.03398058, 0.02038835,
       0.03398058, 0.        , 0.        , 0.00485437, 0.        ,
       0.00194175, 0.        , 0.00388349, 0.000971  , 0.        ,
       0.        , 0.00485437, 0.        , 0.        , 0.        ,
       0.000971  , 0.00194175, 0.00194175, 0.000971  , 0.        ,
       0.00388349, 0.00194175, 0.00291262, 0.000971  , 0.000971  ,
       0.        , 0.        , 0.        , 0.000971  , 0.        ,
       0.        , 0.        , 0.        , 0.01456311, 0.        ,
       0.03009709, 0.00679612, 0.02427185, 0.02912621, 0.0407767 ,
       0.00679612, 0.01262136, 0.00873786, 0.04660194, 0.00194175,
       0.00582524, 0.03495146, 0.00679612, 0.03106796, 0.03106796,
       0.01165049, 0.        , 0.0184466 , 0.03203884, 0.02524272,
       0.00485437, 0.02135922, 0.00679612, 0.00776699, 0.000971  ,
       0.000971  , 0.        , 0.        , 0.        , 0.        ]), array([0.10371537, 0.000788  , 0.03597217, 0.000131  , 0.        ,
       0.        , 0.00118157, 0.00210056, 0.00328213, 0.00328213,
       0.        , 0.        , 0.00275699, 0.0204805 , 0.0124721 ,
       0.0303269 , 0.00617041, 0.00183799, 0.00525141, 0.000394  ,
       0.00144414, 0.000131  , 0.00262571, 0.        , 0.00288828,
       0.00262571, 0.00380727, 0.0044637 , 0.01759223, 0.01943022,
       0.01759223, 0.        , 0.        , 0.00866483, 0.00682683,
       0.00879611, 0.00512013, 0.00315085, 0.00262571, 0.00682683,
       0.000788  , 0.0035447 , 0.        , 0.00105028, 0.00643298,
       0.000656  , 0.00945254, 0.00945254, 0.        , 0.        ,
       0.00630169, 0.000788  , 0.0053827 , 0.00761455, 0.        ,
       0.000525  , 0.        , 0.00315085, 0.        , 0.000919  ,
       0.        , 0.000919  , 0.        , 0.00144414, 0.        ,
       0.04109229, 0.01129053, 0.02809505, 0.02100564, 0.04713142,
       0.01391624, 0.0213995 , 0.02034922, 0.03859787, 0.00485756,
       0.00315085, 0.03111461, 0.01759223, 0.02993304, 0.03662859,
       0.02546935, 0.000656  , 0.02284364, 0.03899173, 0.05461468,
       0.01851122, 0.00590784, 0.01877379, 0.00236314, 0.00498884,
       0.000263  , 0.000656  , 0.        , 0.000656  , 0.        ]), array([0.1797985 , 0.000258  , 0.06148282, 0.000775  , 0.        ,
       0.000258  , 0.00129166, 0.00464996, 0.000775  , 0.000775  ,
       0.        , 0.        , 0.00284164, 0.00309997, 0.00878326,
       0.03177473, 0.00516662, 0.00439163, 0.0074916 , 0.00154999,
       0.000775  , 0.00387497, 0.00361664, 0.000258  , 0.00258331,
       0.        , 0.00309997, 0.00129166, 0.03590803, 0.03306639,
       0.03590803, 0.000258  , 0.000258  , 0.0240248 , 0.00671661,
       0.01291656, 0.02841643, 0.02092483, 0.00258331, 0.01394988,
       0.01782485, 0.0198915 , 0.000517  , 0.000258  , 0.00981658,
       0.00981658, 0.00516662, 0.00103333, 0.00929992, 0.        ,
       0.01756652, 0.01524154, 0.03745802, 0.        , 0.00387497,
       0.00568329, 0.        , 0.        , 0.        , 0.00180832,
       0.000258  , 0.000258  , 0.00154999, 0.00439163, 0.000517  ,
       0.01343322, 0.00594162, 0.00774994, 0.0041333 , 0.00955825,
       0.00516662, 0.01188323, 0.0082666 , 0.02247481, 0.00206665,
       0.00361664, 0.00878326, 0.00671661, 0.01859985, 0.01756652,
       0.01214156, 0.000775  , 0.01084991, 0.00671661, 0.01679153,
       0.00154999, 0.00129166, 0.00619995, 0.000258  , 0.00258331,
       0.000517  , 0.000517  , 0.        , 0.000258  , 0.000258  ])]
Common Instance for Type-1 Error
{35, 99, 14, 83, 88, 60, 61}
Common Instance for Type-2 Error
set()