KNN
Confusion Matrix:
 [[25  8]
 [21 65]]

Type-1 Error Instance:
[array([0.04580153, 0.000364  , 0.04852781, 0.00163577, 0.        ,
       0.00254453, 0.0045438 , 0.00109051, 0.00127227, 0.00127227,
       0.        , 0.        , 0.00527081, 0.00272628, 0.01454017,
       0.03416939, 0.02471828, 0.01145038, 0.00436205, 0.00272628,
       0.01054162, 0.00817884, 0.00327154, 0.000909  , 0.00199927,
       0.00127227, 0.00308979, 0.00545256, 0.05089059, 0.0307161 ,
       0.05125409, 0.00690658, 0.        , 0.00218103, 0.00109051,
       0.00363504, 0.000727  , 0.00127227, 0.00163577, 0.000727  ,
       0.00145402, 0.00127227, 0.        , 0.        , 0.00145402,
       0.00145402, 0.000182  , 0.00145402, 0.00181752, 0.        ,
       0.000364  , 0.00109051, 0.00109051, 0.        , 0.000727  ,
       0.        , 0.000182  , 0.        , 0.        , 0.000182  ,
       0.000727  , 0.000182  , 0.        , 0.000727  , 0.        ,
       0.05816067, 0.01508542, 0.03834969, 0.02181025, 0.05416212,
       0.01944747, 0.01890222, 0.01981098, 0.04125772, 0.000545  ,
       0.00127227, 0.02362777, 0.01599418, 0.03235187, 0.05089059,
       0.02053799, 0.00109051, 0.03416939, 0.02490004, 0.05834242,
       0.01599418, 0.00563431, 0.00581607, 0.00345329, 0.00381679,
       0.00399855, 0.000182  , 0.00290803, 0.000364  , 0.        ]), array([3.03129266e-01, 4.08221000e-04, 3.46222050e-02, 3.31679000e-04,
       1.28000000e-05, 7.27143000e-04, 4.20977000e-04, 2.04110300e-03,
       2.10488700e-03, 2.10488700e-03, 0.00000000e+00, 2.06661600e-03,
       3.02338300e-03, 2.12912530e-02, 7.13110300e-03, 2.00155630e-02,
       2.47483700e-03, 2.98511300e-03, 2.70446100e-03, 2.62792000e-03,
       1.76045100e-03, 1.54358400e-03, 1.55634100e-03, 1.23741900e-03,
       1.62012500e-03, 2.04110300e-03, 3.76328300e-03, 1.69666700e-03,
       1.63926060e-02, 1.60736840e-02, 1.65456890e-02, 2.42381000e-04,
       0.00000000e+00, 2.37278200e-03, 5.35789000e-04, 2.48759400e-03,
       7.52657000e-04, 1.04606500e-03, 1.13536300e-03, 7.01629000e-04,
       5.86817000e-04, 6.37845000e-04, 2.16867000e-04, 1.14812000e-04,
       2.25797000e-03, 1.40325800e-03, 3.95464000e-04, 3.31679000e-04,
       1.72218000e-03, 0.00000000e+00, 6.76115000e-04, 1.56909800e-03,
       2.72997500e-03, 4.84762000e-04, 1.27569000e-04, 8.29198000e-04,
       8.93000000e-05, 8.93000000e-05, 6.38000000e-05, 5.86817000e-04,
       1.08433600e-03, 5.86817000e-04, 0.00000000e+00, 1.07157900e-03,
       0.00000000e+00, 5.99318780e-02, 6.36568900e-03, 2.61643850e-02,
       1.93904760e-02, 4.46873920e-02, 9.05739300e-03, 1.32416540e-02,
       1.18766660e-02, 3.85385700e-02, 1.68391000e-03, 5.82990000e-03,
       3.56810270e-02, 1.40198240e-02, 2.57051370e-02, 2.41870670e-02,
       1.41091220e-02, 4.08221000e-04, 2.85881950e-02, 4.13068160e-02,
       4.33861890e-02, 1.07157890e-02, 8.89155400e-03, 3.04889700e-03,
       1.17363400e-03, 8.12614000e-03, 3.18922000e-04, 6.88872000e-04,
       2.55138000e-04, 6.88872000e-04, 0.00000000e+00]), array([2.91046219e-01, 0.00000000e+00, 2.97814740e-02, 0.00000000e+00,
       0.00000000e+00, 0.00000000e+00, 3.67433800e-03, 1.93386200e-03,
       4.64126900e-03, 4.64126900e-03, 0.00000000e+00, 0.00000000e+00,
       3.87000000e-04, 1.35370300e-03, 1.54709000e-03, 1.64378260e-02,
       1.35370300e-03, 6.18835800e-03, 4.06111000e-03, 3.28756500e-03,
       3.67433800e-03, 1.35370300e-03, 1.35370300e-03, 1.54709000e-03,
       1.54709000e-03, 1.16031700e-03, 9.67000000e-04, 4.64126900e-03,
       2.97814740e-02, 1.70179850e-02, 2.97814740e-02, 0.00000000e+00,
       0.00000000e+00, 1.93000000e-04, 0.00000000e+00, 9.67000000e-04,
       9.67000000e-04, 9.67000000e-04, 5.80000000e-04, 3.87000000e-04,
       1.35370300e-03, 0.00000000e+00, 1.93000000e-04, 4.64126900e-03,
       0.00000000e+00, 9.67000000e-04, 1.35370300e-03, 7.74000000e-04,
       0.00000000e+00, 0.00000000e+00, 1.93000000e-04, 3.86772400e-03,
       9.67000000e-04, 0.00000000e+00, 0.00000000e+00, 2.70740700e-03,
       0.00000000e+00, 3.87000000e-04, 1.93000000e-04, 1.93000000e-04,
       0.00000000e+00, 1.93000000e-04, 0.00000000e+00, 1.93000000e-04,
       0.00000000e+00, 3.77103070e-02, 5.99497200e-03, 8.70237900e-03,
       1.06362410e-02, 4.77663890e-02, 1.74047600e-03, 1.00560820e-02,
       1.08296270e-02, 5.49216790e-02, 2.70740700e-03, 3.67433800e-03,
       3.01682460e-02, 1.50841230e-02, 4.58325280e-02, 6.61380780e-02,
       3.69367630e-02, 0.00000000e+00, 1.58576680e-02, 1.75981430e-02,
       4.91200930e-02, 2.03055500e-02, 1.50841230e-02, 9.67000000e-04,
       1.16031700e-03, 4.83465500e-03, 7.74000000e-04, 0.00000000e+00,
       0.00000000e+00, 0.00000000e+00, 0.00000000e+00]), array([0.03155604, 0.000363  , 0.04062387, 0.        , 0.        ,
       0.        , 0.00290171, 0.00253899, 0.        , 0.        ,
       0.        , 0.        , 0.000725  , 0.00145085, 0.01595938,
       0.04570185, 0.00181357, 0.00108814, 0.00108814, 0.00108814,
       0.000363  , 0.00108814, 0.000725  , 0.000725  , 0.000363  ,
       0.000725  , 0.00108814, 0.00290171, 0.08015959, 0.0221255 ,
       0.08015959, 0.000363  , 0.        , 0.00326442, 0.00108814,
       0.00217628, 0.00145085, 0.00181357, 0.000363  , 0.000725  ,
       0.000363  , 0.000725  , 0.        , 0.        , 0.00145085,
       0.000363  , 0.00145085, 0.00108814, 0.000363  , 0.        ,
       0.00145085, 0.00181357, 0.000725  , 0.        , 0.        ,
       0.000363  , 0.        , 0.        , 0.        , 0.        ,
       0.        , 0.        , 0.        , 0.000725  , 0.        ,
       0.05440696, 0.00725426, 0.01233225, 0.02176279, 0.03772216,
       0.01777294, 0.0137831 , 0.03735945, 0.08741386, 0.000363  ,
       0.00181357, 0.05368154, 0.01051868, 0.02684077, 0.01632209,
       0.0359086 , 0.        , 0.02974247, 0.02321364, 0.02901705,
       0.00616612, 0.01196953, 0.00398984, 0.000363  , 0.00290171,
       0.000363  , 0.        , 0.00870511, 0.        , 0.        ])]
Type-2 Error Instance:
[array([4.6208062e-02, 0.0000000e+00, 3.6606854e-02, 2.1575750e-03,
       0.0000000e+00, 1.4400000e-04, 4.3200000e-04, 2.5171710e-03,
       1.4400000e-04, 1.4400000e-04, 7.1900000e-05, 1.4400000e-04,
       7.1900000e-05, 5.8614120e-03, 2.8012514e-02, 4.5920385e-02,
       1.2262217e-02, 1.1291309e-02, 1.0320400e-02, 4.8545430e-03,
       2.2294940e-03, 7.2278760e-03, 3.4880790e-03, 3.0925240e-03,
       4.4230290e-03, 4.7107050e-03, 8.3426230e-03, 3.9555540e-03,
       4.6244022e-02, 2.2007264e-02, 4.6244022e-02, 1.4400000e-04,
       0.0000000e+00, 2.5531300e-03, 5.0300000e-04, 2.7329280e-03,
       1.2945450e-03, 3.2400000e-04, 2.5531300e-03, 5.0300000e-04,
       1.0800000e-04, 6.1100000e-04, 1.0800000e-04, 1.0800000e-04,
       5.0300000e-04, 3.9600000e-04, 1.2226260e-03, 1.4400000e-04,
       1.9418170e-03, 8.2700000e-04, 4.6700000e-04, 1.6181810e-03,
       6.1100000e-04, 4.6700000e-04, 7.1900000e-04, 5.3900000e-04,
       5.7500000e-04, 2.5200000e-04, 1.4400000e-04, 8.9900000e-04,
       0.0000000e+00, 7.5500000e-04, 0.0000000e+00, 5.2141390e-03,
       0.0000000e+00, 4.2899781e-02, 4.9983820e-03, 1.9022619e-02,
       1.0608077e-02, 2.9271099e-02, 1.6901003e-02, 9.1696930e-03,
       2.3769283e-02, 3.2399583e-02, 4.3200000e-04, 2.3733320e-03,
       4.1101802e-02, 1.7584235e-02, 3.0853321e-02, 2.6214535e-02,
       2.2258981e-02, 3.6000000e-04, 1.8195548e-02, 4.0634327e-02,
       5.0415333e-02, 2.2294940e-03, 4.6387860e-03, 1.9490093e-02,
       7.1900000e-04, 6.2929270e-03, 3.8476750e-03, 0.0000000e+00,
       8.6300000e-04, 0.0000000e+00, 0.0000000e+00]), array([2.44819294e-01, 0.00000000e+00, 3.39968920e-02, 1.82000000e-04,
       0.00000000e+00, 2.55410770e-02, 3.22085000e-03, 9.35869500e-03,
       1.22000000e-04, 1.22000000e-04, 1.04000000e-04, 5.21000000e-05,
       0.00000000e+00, 4.58385100e-03, 1.29007610e-02, 2.96821690e-02,
       7.86547100e-03, 1.07390590e-02, 4.95715700e-03, 4.44494600e-03,
       2.72600200e-03, 4.44494600e-03, 7.43139400e-03, 8.14328000e-03,
       7.97833100e-03, 8.95934400e-03, 4.29736000e-03, 7.29000000e-04,
       2.60185610e-02, 2.77809130e-02, 2.60880130e-02, 3.25557600e-03,
       0.00000000e+00, 4.95000000e-04, 1.48000000e-04, 5.47000000e-04,
       5.47000000e-04, 5.21000000e-05, 5.21000000e-05, 1.56000000e-04,
       2.95000000e-04, 1.65000000e-04, 1.30000000e-04, 6.08000000e-05,
       3.30000000e-04, 3.04000000e-04, 5.90000000e-04, 6.08000000e-05,
       6.08000000e-05, 4.34000000e-05, 1.22000000e-04, 6.08000000e-05,
       3.32502800e-03, 6.42000000e-04, 3.47000000e-05, 4.34000000e-05,
       5.21000000e-05, 8.68000000e-06, 2.60000000e-05, 1.39000000e-04,
       0.00000000e+00, 1.39000000e-04, 0.00000000e+00, 1.57830310e-02,
       0.00000000e+00, 3.58981480e-02, 1.13641300e-02, 1.62605160e-02,
       3.07152720e-02, 4.70799660e-02, 7.65711400e-03, 4.34944900e-03,
       1.16332570e-02, 3.45091030e-02, 6.16000000e-04, 4.63594000e-03,
       2.82931230e-02, 5.83399200e-03, 1.71373510e-02, 1.90472880e-02,
       1.19892000e-02, 2.26000000e-04, 1.50016930e-02, 2.98210740e-02,
       3.44830580e-02, 2.31797000e-03, 1.40901320e-02, 1.38904560e-02,
       1.13814930e-02, 4.16713700e-03, 1.65000000e-04, 0.00000000e+00,
       0.00000000e+00, 0.00000000e+00, 0.00000000e+00]), array([0.18726115, 0.00212314, 0.02717622, 0.000849  , 0.        ,
       0.        , 0.00169851, 0.00169851, 0.        , 0.        ,
       0.        , 0.        , 0.000849  , 0.02887473, 0.00721868,
       0.01783439, 0.00169851, 0.000849  , 0.00552017, 0.000425  ,
       0.000849  , 0.00382166, 0.00212314, 0.00127388, 0.00127388,
       0.00127388, 0.00212314, 0.00169851, 0.02717622, 0.01358811,
       0.02717622, 0.000849  , 0.        , 0.00127388, 0.        ,
       0.00169851, 0.000425  , 0.000849  , 0.00127388, 0.        ,
       0.000425  , 0.00212314, 0.        , 0.        , 0.        ,
       0.        , 0.        , 0.        , 0.00127388, 0.        ,
       0.000425  , 0.        , 0.000849  , 0.        , 0.        ,
       0.000849  , 0.        , 0.000425  , 0.        , 0.        ,
       0.        , 0.        , 0.        , 0.01019108, 0.        ,
       0.06369427, 0.0089172 , 0.02505308, 0.02547771, 0.05690021,
       0.01953291, 0.0089172 , 0.01656051, 0.03481953, 0.        ,
       0.0029724 , 0.02845011, 0.00934183, 0.03821656, 0.04501062,
       0.02632696, 0.00127388, 0.04840764, 0.04798301, 0.05987261,
       0.01656051, 0.00934183, 0.00976645, 0.        , 0.00721868,
       0.        , 0.        , 0.        , 0.        , 0.        ]), array([6.5762356e-02, 1.1200000e-04, 0.0000000e+00, 5.9204860e-03,
       0.0000000e+00, 1.5363290e-03, 2.2500000e-04, 0.0000000e+00,
       1.1990860e-03, 1.1990860e-03, 4.3316971e-02, 0.0000000e+00,
       3.4473710e-03, 1.7199385e-02, 2.3232285e-02, 1.0492000e-02,
       1.0904186e-02, 7.6441710e-03, 3.7096710e-03, 3.5597860e-03,
       2.5855290e-03, 5.4333570e-03, 2.6979430e-03, 1.7986290e-03,
       2.5855290e-03, 1.7236860e-03, 2.6867014e-02, 2.5405628e-02,
       0.0000000e+00, 0.0000000e+00, 3.7500000e-05, 0.0000000e+00,
       0.0000000e+00, 5.6200000e-04, 3.3700000e-04, 4.1200000e-04,
       3.7500000e-04, 1.3864430e-03, 3.0000000e-04, 1.5000000e-04,
       7.4900000e-05, 6.0000000e-04, 0.0000000e+00, 0.0000000e+00,
       8.9900000e-04, 3.3700000e-04, 4.1200000e-04, 6.3700000e-04,
       4.1200000e-04, 0.0000000e+00, 6.0000000e-04, 1.3864430e-03,
       1.2365570e-03, 2.6200000e-04, 1.1200000e-04, 2.2500000e-04,
       3.7500000e-05, 5.2500000e-04, 0.0000000e+00, 0.0000000e+00,
       0.0000000e+00, 0.0000000e+00, 0.0000000e+00, 1.6524900e-02,
       0.0000000e+00, 3.8595571e-02, 1.9110428e-02, 1.8173643e-02,
       2.9227714e-02, 4.8562971e-02, 1.6337543e-02, 2.2033200e-02,
       1.3826957e-02, 4.9050099e-02, 2.6200000e-04, 4.7963430e-03,
       3.5597857e-02, 1.8623300e-02, 3.6309814e-02, 5.0661371e-02,
       4.1143628e-02, 2.2500000e-04, 3.4173942e-02, 2.8590700e-02,
       6.1677971e-02, 1.7386743e-02, 3.2600140e-03, 8.0938280e-03,
       1.7161914e-02, 3.5597860e-03, 3.4473710e-03, 1.1054071e-02,
       0.0000000e+00, 1.1016600e-02, 0.0000000e+00])]SVM with linear kernel
Confusion Matrix:
 [[ 0 33]
 [ 0 86]]

Type-1 Error Instance:
[array([9.4267693e-02, 2.7700000e-04, 3.4241353e-02, 2.7700000e-04,
       0.0000000e+00, 3.4700000e-04, 0.0000000e+00, 3.0498370e-03,
       3.4657240e-03, 3.6736670e-03, 0.0000000e+00, 0.0000000e+00,
       1.8021760e-03, 1.6566161e-02, 1.5665072e-02, 2.6824704e-02,
       3.2577810e-03, 3.2577810e-03, 1.9408050e-03, 1.0397170e-03,
       1.1090320e-03, 2.2180630e-03, 9.0100000e-04, 9.0100000e-04,
       2.7700000e-04, 1.3862900e-03, 6.7235050e-03, 4.8520140e-03,
       3.3478894e-02, 1.7120677e-02, 3.3478894e-02, 0.0000000e+00,
       0.0000000e+00, 3.9509250e-03, 1.1090320e-03, 9.0100000e-04,
       4.1600000e-04, 3.1884660e-03, 1.9408050e-03, 4.8500000e-04,
       2.1487490e-03, 4.3668120e-03, 7.6200000e-04, 1.1090320e-03,
       9.0100000e-04, 1.6635480e-03, 3.6043530e-03, 3.0498370e-03,
       1.5942330e-03, 2.7700000e-04, 3.1191520e-03, 3.1884660e-03,
       2.2873780e-03, 1.5942330e-03, 1.4556040e-03, 2.0800000e-04,
       6.9300000e-05, 5.5500000e-04, 4.8500000e-04, 0.0000000e+00,
       0.0000000e+00, 0.0000000e+00, 0.0000000e+00, 4.0202400e-03,
       0.0000000e+00, 4.6648645e-02, 3.8122960e-03, 1.1783462e-02,
       1.5526443e-02, 3.4241353e-02, 1.4902613e-02, 1.3862896e-02,
       1.6774104e-02, 4.6579330e-02, 3.1884660e-03, 7.3473350e-03,
       3.6112844e-02, 1.8714910e-02, 3.4449296e-02, 3.4934498e-02,
       1.2476606e-02, 0.0000000e+00, 2.7448534e-02, 4.0063769e-02,
       4.1450059e-02, 1.3377695e-02, 6.4462470e-03, 3.8122960e-03,
       1.3169750e-03, 7.6939070e-03, 1.5249190e-03, 0.0000000e+00,
       0.0000000e+00, 0.0000000e+00, 0.0000000e+00]), array([5.8028997e-02, 7.3927800e-04, 5.2758378e-02, 3.0266920e-03,
       6.4360700e-04, 6.9600000e-05, 3.6355100e-03, 2.5048490e-03,
       3.0353900e-03, 3.0353900e-03, 3.3050100e-04, 5.8272500e-04,
       1.9830050e-03, 1.3202641e-02, 1.0863042e-02, 3.3015299e-02,
       5.6880940e-03, 5.1053690e-03, 7.2797170e-03, 6.0098980e-03,
       2.4700590e-03, 1.9221240e-03, 1.7655710e-03, 1.3133060e-03,
       9.5671300e-04, 1.0610820e-03, 6.2534250e-03, 4.7052890e-03,
       3.3963314e-02, 2.7466363e-02, 3.3980709e-02, 2.0873700e-04,
       0.0000000e+00, 1.6090170e-03, 4.1747500e-04, 7.0448900e-04,
       3.9138300e-04, 1.1828450e-03, 2.7831700e-04, 2.6092200e-04,
       2.2613200e-04, 1.2002400e-03, 2.3483000e-04, 1.7394800e-04,
       2.5222400e-04, 8.2625200e-04, 3.9138300e-04, 2.0004000e-04,
       5.2184300e-04, 1.3915800e-04, 4.6096200e-04, 4.6096200e-04,
       1.2089370e-03, 5.8272500e-04, 2.7831700e-04, 2.6961900e-04,
       1.2176300e-04, 2.4352700e-04, 8.7000000e-05, 7.3058100e-04,
       0.0000000e+00, 7.3058100e-04, 0.0000000e+00, 6.5752280e-03,
       0.0000000e+00, 5.8637815e-02, 1.1271820e-02, 3.2119467e-02,
       3.4085078e-02, 5.3149760e-02, 1.0010698e-02, 1.2002400e-02,
       1.9830053e-02, 4.9357698e-02, 1.0262920e-03, 8.3060090e-03,
       4.5600424e-02, 1.6733782e-02, 3.7903233e-02, 3.7416179e-02,
       2.2630613e-02, 2.1395580e-03, 3.4806961e-02, 5.3871644e-02,
       5.1071084e-02, 1.6116267e-02, 1.6098872e-02, 1.1924124e-02,
       4.6444070e-03, 7.4536650e-03, 6.0881700e-04, 6.9600000e-05,
       8.7000000e-05, 6.9600000e-05, 0.0000000e+00]), array([0.08739596, 0.00118906, 0.06896552, 0.        , 0.        ,
       0.        , 0.        , 0.        , 0.        , 0.        ,
       0.        , 0.        , 0.        , 0.0059453 , 0.00951248,
       0.05350773, 0.01010702, 0.01129608, 0.00535077, 0.00297265,
       0.        , 0.00118906, 0.00297265, 0.        , 0.00118906,
       0.00118906, 0.000595  , 0.000595  , 0.04994055, 0.03448276,
       0.04994055, 0.        , 0.        , 0.000595  , 0.000595  ,
       0.000595  , 0.        , 0.        , 0.        , 0.00118906,
       0.        , 0.        , 0.        , 0.00118906, 0.        ,
       0.        , 0.000595  , 0.        , 0.        , 0.        ,
       0.        , 0.000595  , 0.00118906, 0.        , 0.        ,
       0.000595  , 0.        , 0.        , 0.        , 0.        ,
       0.        , 0.        , 0.        , 0.00416171, 0.        ,
       0.05469679, 0.0059453 , 0.0273484 , 0.02199762, 0.02913199,
       0.01189061, 0.02378121, 0.02199762, 0.0588585 , 0.00356718,
       0.00178359, 0.04102259, 0.02675386, 0.01902497, 0.02853745,
       0.01129608, 0.        , 0.02199762, 0.03686088, 0.03151011,
       0.01070155, 0.01783591, 0.00237812, 0.00653983, 0.00118906,
       0.        , 0.        , 0.        , 0.        , 0.        ]), array([2.20733838e-01, 1.04834000e-03, 2.70238790e-02, 1.16000000e-04,
       0.00000000e+00, 0.00000000e+00, 3.02853800e-03, 1.23471170e-02,
       2.33000000e-04, 2.33000000e-04, 0.00000000e+00, 0.00000000e+00,
       0.00000000e+00, 5.00873600e-03, 1.39778680e-02, 2.77227720e-02,
       2.56260900e-03, 3.14502000e-03, 2.91205600e-03, 4.07687800e-03,
       1.04834000e-03, 1.63075100e-03, 1.98019800e-03, 1.74723400e-03,
       1.04834000e-03, 1.28130500e-03, 3.37798500e-03, 2.21316200e-03,
       3.52941180e-02, 2.42283050e-02, 3.55270820e-02, 3.02853800e-03,
       0.00000000e+00, 1.63075100e-03, 2.09668000e-03, 6.75597000e-03,
       1.16482200e-03, 3.14502000e-03, 1.86371600e-03, 4.66000000e-04,
       3.49000000e-04, 3.02853800e-03, 0.00000000e+00, 3.49000000e-04,
       1.04834000e-03, 3.61094900e-03, 1.39778700e-03, 1.28130500e-03,
       1.51426900e-03, 1.16000000e-04, 1.86371600e-03, 4.89225400e-03,
       2.44612700e-03, 1.39778700e-03, 3.49000000e-04, 4.66000000e-04,
       0.00000000e+00, 6.99000000e-04, 0.00000000e+00, 0.00000000e+00,
       0.00000000e+00, 0.00000000e+00, 0.00000000e+00, 3.84391400e-03,
       0.00000000e+00, 4.68258590e-02, 6.75597000e-03, 1.81712290e-02,
       2.69073970e-02, 4.97379150e-02, 8.73616800e-03, 1.09493300e-02,
       1.78217820e-02, 4.79906810e-02, 1.16482200e-03, 6.98893400e-03,
       3.37798490e-02, 2.65579500e-02, 2.51601630e-02, 2.27140360e-02,
       2.06173560e-02, 4.07687800e-03, 2.72568430e-02, 2.87711120e-02,
       3.94874780e-02, 1.59580660e-02, 1.23471170e-02, 5.35818300e-03,
       4.65928900e-03, 5.12521800e-03, 4.66000000e-04, 0.00000000e+00,
       0.00000000e+00, 0.00000000e+00, 0.00000000e+00])]
Type-2 Error Instance:
[]SVM with RBF kernel
Confusion Matrix:
 [[ 4 29]
 [ 3 83]]

Type-1 Error Instance:
[array([9.4267693e-02, 2.7700000e-04, 3.4241353e-02, 2.7700000e-04,
       0.0000000e+00, 3.4700000e-04, 0.0000000e+00, 3.0498370e-03,
       3.4657240e-03, 3.6736670e-03, 0.0000000e+00, 0.0000000e+00,
       1.8021760e-03, 1.6566161e-02, 1.5665072e-02, 2.6824704e-02,
       3.2577810e-03, 3.2577810e-03, 1.9408050e-03, 1.0397170e-03,
       1.1090320e-03, 2.2180630e-03, 9.0100000e-04, 9.0100000e-04,
       2.7700000e-04, 1.3862900e-03, 6.7235050e-03, 4.8520140e-03,
       3.3478894e-02, 1.7120677e-02, 3.3478894e-02, 0.0000000e+00,
       0.0000000e+00, 3.9509250e-03, 1.1090320e-03, 9.0100000e-04,
       4.1600000e-04, 3.1884660e-03, 1.9408050e-03, 4.8500000e-04,
       2.1487490e-03, 4.3668120e-03, 7.6200000e-04, 1.1090320e-03,
       9.0100000e-04, 1.6635480e-03, 3.6043530e-03, 3.0498370e-03,
       1.5942330e-03, 2.7700000e-04, 3.1191520e-03, 3.1884660e-03,
       2.2873780e-03, 1.5942330e-03, 1.4556040e-03, 2.0800000e-04,
       6.9300000e-05, 5.5500000e-04, 4.8500000e-04, 0.0000000e+00,
       0.0000000e+00, 0.0000000e+00, 0.0000000e+00, 4.0202400e-03,
       0.0000000e+00, 4.6648645e-02, 3.8122960e-03, 1.1783462e-02,
       1.5526443e-02, 3.4241353e-02, 1.4902613e-02, 1.3862896e-02,
       1.6774104e-02, 4.6579330e-02, 3.1884660e-03, 7.3473350e-03,
       3.6112844e-02, 1.8714910e-02, 3.4449296e-02, 3.4934498e-02,
       1.2476606e-02, 0.0000000e+00, 2.7448534e-02, 4.0063769e-02,
       4.1450059e-02, 1.3377695e-02, 6.4462470e-03, 3.8122960e-03,
       1.3169750e-03, 7.6939070e-03, 1.5249190e-03, 0.0000000e+00,
       0.0000000e+00, 0.0000000e+00, 0.0000000e+00]), array([5.8028997e-02, 7.3927800e-04, 5.2758378e-02, 3.0266920e-03,
       6.4360700e-04, 6.9600000e-05, 3.6355100e-03, 2.5048490e-03,
       3.0353900e-03, 3.0353900e-03, 3.3050100e-04, 5.8272500e-04,
       1.9830050e-03, 1.3202641e-02, 1.0863042e-02, 3.3015299e-02,
       5.6880940e-03, 5.1053690e-03, 7.2797170e-03, 6.0098980e-03,
       2.4700590e-03, 1.9221240e-03, 1.7655710e-03, 1.3133060e-03,
       9.5671300e-04, 1.0610820e-03, 6.2534250e-03, 4.7052890e-03,
       3.3963314e-02, 2.7466363e-02, 3.3980709e-02, 2.0873700e-04,
       0.0000000e+00, 1.6090170e-03, 4.1747500e-04, 7.0448900e-04,
       3.9138300e-04, 1.1828450e-03, 2.7831700e-04, 2.6092200e-04,
       2.2613200e-04, 1.2002400e-03, 2.3483000e-04, 1.7394800e-04,
       2.5222400e-04, 8.2625200e-04, 3.9138300e-04, 2.0004000e-04,
       5.2184300e-04, 1.3915800e-04, 4.6096200e-04, 4.6096200e-04,
       1.2089370e-03, 5.8272500e-04, 2.7831700e-04, 2.6961900e-04,
       1.2176300e-04, 2.4352700e-04, 8.7000000e-05, 7.3058100e-04,
       0.0000000e+00, 7.3058100e-04, 0.0000000e+00, 6.5752280e-03,
       0.0000000e+00, 5.8637815e-02, 1.1271820e-02, 3.2119467e-02,
       3.4085078e-02, 5.3149760e-02, 1.0010698e-02, 1.2002400e-02,
       1.9830053e-02, 4.9357698e-02, 1.0262920e-03, 8.3060090e-03,
       4.5600424e-02, 1.6733782e-02, 3.7903233e-02, 3.7416179e-02,
       2.2630613e-02, 2.1395580e-03, 3.4806961e-02, 5.3871644e-02,
       5.1071084e-02, 1.6116267e-02, 1.6098872e-02, 1.1924124e-02,
       4.6444070e-03, 7.4536650e-03, 6.0881700e-04, 6.9600000e-05,
       8.7000000e-05, 6.9600000e-05, 0.0000000e+00]), array([0.08739596, 0.00118906, 0.06896552, 0.        , 0.        ,
       0.        , 0.        , 0.        , 0.        , 0.        ,
       0.        , 0.        , 0.        , 0.0059453 , 0.00951248,
       0.05350773, 0.01010702, 0.01129608, 0.00535077, 0.00297265,
       0.        , 0.00118906, 0.00297265, 0.        , 0.00118906,
       0.00118906, 0.000595  , 0.000595  , 0.04994055, 0.03448276,
       0.04994055, 0.        , 0.        , 0.000595  , 0.000595  ,
       0.000595  , 0.        , 0.        , 0.        , 0.00118906,
       0.        , 0.        , 0.        , 0.00118906, 0.        ,
       0.        , 0.000595  , 0.        , 0.        , 0.        ,
       0.        , 0.000595  , 0.00118906, 0.        , 0.        ,
       0.000595  , 0.        , 0.        , 0.        , 0.        ,
       0.        , 0.        , 0.        , 0.00416171, 0.        ,
       0.05469679, 0.0059453 , 0.0273484 , 0.02199762, 0.02913199,
       0.01189061, 0.02378121, 0.02199762, 0.0588585 , 0.00356718,
       0.00178359, 0.04102259, 0.02675386, 0.01902497, 0.02853745,
       0.01129608, 0.        , 0.02199762, 0.03686088, 0.03151011,
       0.01070155, 0.01783591, 0.00237812, 0.00653983, 0.00118906,
       0.        , 0.        , 0.        , 0.        , 0.        ]), array([2.20733838e-01, 1.04834000e-03, 2.70238790e-02, 1.16000000e-04,
       0.00000000e+00, 0.00000000e+00, 3.02853800e-03, 1.23471170e-02,
       2.33000000e-04, 2.33000000e-04, 0.00000000e+00, 0.00000000e+00,
       0.00000000e+00, 5.00873600e-03, 1.39778680e-02, 2.77227720e-02,
       2.56260900e-03, 3.14502000e-03, 2.91205600e-03, 4.07687800e-03,
       1.04834000e-03, 1.63075100e-03, 1.98019800e-03, 1.74723400e-03,
       1.04834000e-03, 1.28130500e-03, 3.37798500e-03, 2.21316200e-03,
       3.52941180e-02, 2.42283050e-02, 3.55270820e-02, 3.02853800e-03,
       0.00000000e+00, 1.63075100e-03, 2.09668000e-03, 6.75597000e-03,
       1.16482200e-03, 3.14502000e-03, 1.86371600e-03, 4.66000000e-04,
       3.49000000e-04, 3.02853800e-03, 0.00000000e+00, 3.49000000e-04,
       1.04834000e-03, 3.61094900e-03, 1.39778700e-03, 1.28130500e-03,
       1.51426900e-03, 1.16000000e-04, 1.86371600e-03, 4.89225400e-03,
       2.44612700e-03, 1.39778700e-03, 3.49000000e-04, 4.66000000e-04,
       0.00000000e+00, 6.99000000e-04, 0.00000000e+00, 0.00000000e+00,
       0.00000000e+00, 0.00000000e+00, 0.00000000e+00, 3.84391400e-03,
       0.00000000e+00, 4.68258590e-02, 6.75597000e-03, 1.81712290e-02,
       2.69073970e-02, 4.97379150e-02, 8.73616800e-03, 1.09493300e-02,
       1.78217820e-02, 4.79906810e-02, 1.16482200e-03, 6.98893400e-03,
       3.37798490e-02, 2.65579500e-02, 2.51601630e-02, 2.27140360e-02,
       2.06173560e-02, 4.07687800e-03, 2.72568430e-02, 2.87711120e-02,
       3.94874780e-02, 1.59580660e-02, 1.23471170e-02, 5.35818300e-03,
       4.65928900e-03, 5.12521800e-03, 4.66000000e-04, 0.00000000e+00,
       0.00000000e+00, 0.00000000e+00, 0.00000000e+00])]
Type-2 Error Instance:
[array([4.69674442e-01, 8.20000000e-04, 2.11227890e-02, 0.00000000e+00,
       0.00000000e+00, 0.00000000e+00, 8.20000000e-04, 3.28121000e-03,
       2.97359700e-03, 2.97359700e-03, 1.54000000e-04, 7.69000000e-04,
       2.61471400e-03, 1.09202770e-02, 7.99794900e-03, 2.05588310e-02,
       8.72000000e-04, 8.72000000e-04, 3.59000000e-04, 2.05000000e-04,
       3.59000000e-04, 1.03000000e-04, 5.13000000e-05, 2.05000000e-04,
       1.54000000e-04, 7.18000000e-04, 1.48679800e-03, 3.22994100e-03,
       1.95847220e-02, 1.22019990e-02, 1.95847220e-02, 4.10000000e-04,
       0.00000000e+00, 7.18000000e-04, 6.15000000e-04, 4.61000000e-04,
       5.64000000e-04, 9.74000000e-04, 2.05000000e-04, 4.61000000e-04,
       4.10000000e-04, 7.18000000e-04, 5.13000000e-05, 6.66000000e-04,
       4.61000000e-04, 1.07664700e-03, 7.18000000e-04, 5.64000000e-04,
       1.43552900e-03, 0.00000000e+00, 1.12791600e-03, 1.23045400e-03,
       6.15000000e-04, 4.61000000e-04, 1.03000000e-04, 2.56000000e-04,
       4.61000000e-04, 5.13000000e-05, 2.05000000e-04, 3.59000000e-04,
       5.13000000e-05, 3.59000000e-04, 0.00000000e+00, 1.79441200e-03,
       0.00000000e+00, 3.66572670e-02, 4.35785700e-03, 1.69700080e-02,
       1.13816970e-02, 3.05562680e-02, 1.06126630e-02, 7.69033600e-03,
       7.38272200e-03, 2.05588310e-02, 2.15329400e-03, 8.71571400e-03,
       1.94821840e-02, 8.20302500e-03, 2.72237890e-02, 3.10689570e-02,
       1.47141760e-02, 2.56000000e-04, 2.75314020e-02, 2.80953600e-02,
       2.86593180e-02, 6.40861300e-03, 5.28069700e-03, 1.04075880e-02,
       1.02537800e-03, 6.30607500e-03, 3.74263000e-03, 1.03000000e-04,
       1.03000000e-04, 1.03000000e-04, 0.00000000e+00]), array([4.57438981e-01, 3.20000000e-05, 3.42279520e-02, 3.20000000e-05,
       0.00000000e+00, 3.83864900e-03, 2.56000000e-04, 1.28000000e-04,
       1.92000000e-04, 1.92000000e-04, 0.00000000e+00, 9.60000000e-05,
       5.12000000e-04, 8.00000000e-04, 4.57439000e-03, 2.07926810e-02,
       1.10041270e-02, 5.88592800e-03, 6.01388300e-03, 3.64671600e-03,
       3.74268300e-03, 3.16688500e-03, 2.81500900e-03, 2.49512200e-03,
       2.52711000e-03, 1.69540300e-03, 1.08761700e-03, 2.88000000e-04,
       3.07091900e-02, 2.39275770e-02, 3.07091900e-02, 1.02364000e-03,
       9.60000000e-05, 9.28000000e-04, 2.14324600e-03, 9.60000000e-05,
       1.72739200e-03, 9.28000000e-04, 5.76000000e-04, 6.40000000e-05,
       6.40000000e-05, 2.88000000e-04, 3.20000000e-05, 2.24000000e-04,
       8.00000000e-04, 3.52000000e-04, 9.60000000e-05, 6.40000000e-04,
       2.56000000e-04, 6.40000000e-05, 8.32000000e-04, 5.44000000e-04,
       2.75103200e-03, 9.60000000e-05, 9.60000000e-05, 0.00000000e+00,
       3.20000000e-05, 6.72000000e-04, 3.20000000e-05, 3.20000000e-05,
       0.00000000e+00, 3.20000000e-05, 0.00000000e+00, 2.14324600e-03,
       0.00000000e+00, 2.54630370e-02, 8.98883600e-03, 1.14519690e-02,
       2.40555320e-02, 2.37356450e-02, 4.35046900e-03, 1.80096610e-02,
       1.19957770e-02, 2.28399600e-02, 6.72000000e-04, 2.30318900e-03,
       1.84255140e-02, 6.01388300e-03, 1.38511240e-02, 9.94849800e-03,
       1.00444640e-02, 9.60000000e-05, 2.05687600e-02, 1.07802050e-02,
       3.73308600e-02, 2.11125700e-03, 1.34352700e-03, 5.53405200e-03,
       3.84000000e-04, 6.40000000e-04, 3.20000000e-04, 3.20000000e-05,
       0.00000000e+00, 3.20000000e-05, 0.00000000e+00]), array([3.96297164e-01, 1.40614000e-03, 2.15608160e-02, 4.69000000e-05,
       1.87000000e-04, 1.17178300e-03, 3.23412200e-03, 1.68736800e-03,
       6.56000000e-04, 9.37000000e-04, 1.87000000e-04, 3.75000000e-04,
       4.31216300e-03, 6.37450200e-03, 5.95266000e-03, 1.80454650e-02,
       7.21818600e-03, 4.82774800e-03, 6.18701700e-03, 8.62432600e-03,
       2.34356700e-03, 4.21842000e-03, 2.20295300e-03, 4.96836200e-03,
       1.31239700e-03, 1.35926900e-03, 2.15608200e-03, 6.09327400e-03,
       1.77642370e-02, 1.54675420e-02, 1.77642370e-02, 1.35926900e-03,
       0.00000000e+00, 1.49988300e-03, 1.31239700e-03, 1.87000000e-04,
       2.57792400e-03, 4.69000000e-04, 4.69000000e-05, 1.59362500e-03,
       1.87000000e-04, 7.03000000e-04, 1.87000000e-04, 3.28000000e-04,
       3.75000000e-04, 2.06233900e-03, 1.54675400e-03, 1.41000000e-04,
       2.10921000e-03, 2.34000000e-04, 4.69000000e-05, 1.49988300e-03,
       6.09000000e-04, 6.56000000e-04, 6.09000000e-04, 1.54675400e-03,
       7.50000000e-04, 5.62000000e-04, 1.40614000e-03, 9.37000000e-05,
       0.00000000e+00, 9.37000000e-05, 0.00000000e+00, 5.39020400e-03,
       0.00000000e+00, 3.42629480e-02, 7.35880000e-03, 1.70142960e-02,
       2.11389740e-02, 3.87625970e-02, 5.43707500e-03, 6.84321500e-03,
       1.27958750e-02, 3.03726270e-02, 1.54675400e-03, 4.40590600e-03,
       2.11389740e-02, 1.49519570e-02, 2.38106400e-02, 1.30302320e-02,
       1.92641200e-02, 0.00000000e+00, 2.55917510e-02, 2.84977740e-02,
       2.70916330e-02, 8.24935600e-03, 8.29622700e-03, 3.89032100e-03,
       4.54652000e-03, 4.87461900e-03, 3.32786500e-03, 4.69000000e-05,
       1.41000000e-04, 4.69000000e-05, 0.00000000e+00])]MLP
Confusion Matrix:
 [[15 18]
 [14 72]]

Type-1 Error Instance:
[array([2.20733838e-01, 1.04834000e-03, 2.70238790e-02, 1.16000000e-04,
       0.00000000e+00, 0.00000000e+00, 3.02853800e-03, 1.23471170e-02,
       2.33000000e-04, 2.33000000e-04, 0.00000000e+00, 0.00000000e+00,
       0.00000000e+00, 5.00873600e-03, 1.39778680e-02, 2.77227720e-02,
       2.56260900e-03, 3.14502000e-03, 2.91205600e-03, 4.07687800e-03,
       1.04834000e-03, 1.63075100e-03, 1.98019800e-03, 1.74723400e-03,
       1.04834000e-03, 1.28130500e-03, 3.37798500e-03, 2.21316200e-03,
       3.52941180e-02, 2.42283050e-02, 3.55270820e-02, 3.02853800e-03,
       0.00000000e+00, 1.63075100e-03, 2.09668000e-03, 6.75597000e-03,
       1.16482200e-03, 3.14502000e-03, 1.86371600e-03, 4.66000000e-04,
       3.49000000e-04, 3.02853800e-03, 0.00000000e+00, 3.49000000e-04,
       1.04834000e-03, 3.61094900e-03, 1.39778700e-03, 1.28130500e-03,
       1.51426900e-03, 1.16000000e-04, 1.86371600e-03, 4.89225400e-03,
       2.44612700e-03, 1.39778700e-03, 3.49000000e-04, 4.66000000e-04,
       0.00000000e+00, 6.99000000e-04, 0.00000000e+00, 0.00000000e+00,
       0.00000000e+00, 0.00000000e+00, 0.00000000e+00, 3.84391400e-03,
       0.00000000e+00, 4.68258590e-02, 6.75597000e-03, 1.81712290e-02,
       2.69073970e-02, 4.97379150e-02, 8.73616800e-03, 1.09493300e-02,
       1.78217820e-02, 4.79906810e-02, 1.16482200e-03, 6.98893400e-03,
       3.37798490e-02, 2.65579500e-02, 2.51601630e-02, 2.27140360e-02,
       2.06173560e-02, 4.07687800e-03, 2.72568430e-02, 2.87711120e-02,
       3.94874780e-02, 1.59580660e-02, 1.23471170e-02, 5.35818300e-03,
       4.65928900e-03, 5.12521800e-03, 4.66000000e-04, 0.00000000e+00,
       0.00000000e+00, 0.00000000e+00, 0.00000000e+00]), array([0.04580153, 0.000364  , 0.04852781, 0.00163577, 0.        ,
       0.00254453, 0.0045438 , 0.00109051, 0.00127227, 0.00127227,
       0.        , 0.        , 0.00527081, 0.00272628, 0.01454017,
       0.03416939, 0.02471828, 0.01145038, 0.00436205, 0.00272628,
       0.01054162, 0.00817884, 0.00327154, 0.000909  , 0.00199927,
       0.00127227, 0.00308979, 0.00545256, 0.05089059, 0.0307161 ,
       0.05125409, 0.00690658, 0.        , 0.00218103, 0.00109051,
       0.00363504, 0.000727  , 0.00127227, 0.00163577, 0.000727  ,
       0.00145402, 0.00127227, 0.        , 0.        , 0.00145402,
       0.00145402, 0.000182  , 0.00145402, 0.00181752, 0.        ,
       0.000364  , 0.00109051, 0.00109051, 0.        , 0.000727  ,
       0.        , 0.000182  , 0.        , 0.        , 0.000182  ,
       0.000727  , 0.000182  , 0.        , 0.000727  , 0.        ,
       0.05816067, 0.01508542, 0.03834969, 0.02181025, 0.05416212,
       0.01944747, 0.01890222, 0.01981098, 0.04125772, 0.000545  ,
       0.00127227, 0.02362777, 0.01599418, 0.03235187, 0.05089059,
       0.02053799, 0.00109051, 0.03416939, 0.02490004, 0.05834242,
       0.01599418, 0.00563431, 0.00581607, 0.00345329, 0.00381679,
       0.00399855, 0.000182  , 0.00290803, 0.000364  , 0.        ]), array([0.02522936, 0.00321101, 0.02201835, 0.000917  , 0.        ,
       0.        , 0.        , 0.        , 0.00183486, 0.00183486,
       0.        , 0.        , 0.        , 0.01788991, 0.00504587,
       0.02614679, 0.        , 0.000917  , 0.00137615, 0.00183486,
       0.        , 0.000459  , 0.        , 0.        , 0.        ,
       0.        , 0.000459  , 0.000459  , 0.0412844 , 0.01100917,
       0.0412844 , 0.        , 0.        , 0.        , 0.        ,
       0.        , 0.        , 0.        , 0.        , 0.        ,
       0.        , 0.        , 0.        , 0.        , 0.        ,
       0.        , 0.        , 0.        , 0.        , 0.        ,
       0.        , 0.        , 0.        , 0.        , 0.        ,
       0.        , 0.        , 0.        , 0.        , 0.        ,
       0.        , 0.        , 0.        , 0.        , 0.        ,
       0.0293578 , 0.00275229, 0.0059633 , 0.01834862, 0.02844037,
       0.00688073, 0.00550459, 0.01788991, 0.03073394, 0.        ,
       0.00137615, 0.02431193, 0.01009174, 0.01055046, 0.01192661,
       0.000917  , 0.        , 0.01513762, 0.0146789 , 0.02477064,
       0.01376147, 0.00733945, 0.00412844, 0.        , 0.00137615,
       0.00137615, 0.        , 0.        , 0.        , 0.        ]), array([9.3659010e-02, 2.4300000e-04, 3.1381430e-02, 3.2400000e-04,
       0.0000000e+00, 0.0000000e+00, 1.6175990e-03, 1.7793590e-03,
       2.4300000e-04, 2.4300000e-04, 0.0000000e+00, 0.0000000e+00,
       1.5367200e-03, 2.1028793e-02, 6.7130380e-03, 2.8712391e-02,
       2.3455190e-03, 3.8013590e-03, 1.6175990e-03, 1.3749600e-03,
       6.4700000e-04, 1.3749600e-03, 1.3749600e-03, 1.6200000e-04,
       4.0400000e-04, 1.6200000e-04, 1.7793590e-03, 5.6600000e-04,
       2.9682951e-02, 1.5852475e-02, 2.9682951e-02, 4.8500000e-04,
       0.0000000e+00, 7.2800000e-04, 6.4700000e-04, 1.2132000e-03,
       9.7100000e-04, 9.7100000e-04, 1.7793590e-03, 4.0400000e-04,
       6.4700000e-04, 8.9000000e-04, 5.6600000e-04, 0.0000000e+00,
       1.6175990e-03, 5.0145580e-03, 3.2400000e-04, 5.6600000e-04,
       1.4558400e-03, 0.0000000e+00, 1.0514400e-03, 2.3455190e-03,
       1.3749600e-03, 2.4300000e-04, 1.0514400e-03, 8.0900000e-05,
       0.0000000e+00, 8.0900000e-05, 0.0000000e+00, 0.0000000e+00,
       0.0000000e+00, 0.0000000e+00, 0.0000000e+00, 1.6984790e-03,
       0.0000000e+00, 5.4432223e-02, 4.8527980e-03, 2.0462633e-02,
       2.0300874e-02, 8.3387253e-02, 7.6835980e-03, 1.5609835e-02,
       1.8521514e-02, 6.5027499e-02, 6.5512780e-03, 1.7793590e-03,
       3.9954707e-02, 2.6609511e-02, 3.9226787e-02, 4.1087027e-02,
       1.6903915e-02, 7.2800000e-04, 4.5373665e-02, 6.1145260e-02,
       5.7424782e-02, 2.7660951e-02, 1.2940796e-02, 2.2646390e-03,
       2.1837590e-03, 3.8013590e-03, 3.2400000e-04, 0.0000000e+00,
       0.0000000e+00, 0.0000000e+00, 0.0000000e+00])]
Type-2 Error Instance:
[array([4.6208062e-02, 0.0000000e+00, 3.6606854e-02, 2.1575750e-03,
       0.0000000e+00, 1.4400000e-04, 4.3200000e-04, 2.5171710e-03,
       1.4400000e-04, 1.4400000e-04, 7.1900000e-05, 1.4400000e-04,
       7.1900000e-05, 5.8614120e-03, 2.8012514e-02, 4.5920385e-02,
       1.2262217e-02, 1.1291309e-02, 1.0320400e-02, 4.8545430e-03,
       2.2294940e-03, 7.2278760e-03, 3.4880790e-03, 3.0925240e-03,
       4.4230290e-03, 4.7107050e-03, 8.3426230e-03, 3.9555540e-03,
       4.6244022e-02, 2.2007264e-02, 4.6244022e-02, 1.4400000e-04,
       0.0000000e+00, 2.5531300e-03, 5.0300000e-04, 2.7329280e-03,
       1.2945450e-03, 3.2400000e-04, 2.5531300e-03, 5.0300000e-04,
       1.0800000e-04, 6.1100000e-04, 1.0800000e-04, 1.0800000e-04,
       5.0300000e-04, 3.9600000e-04, 1.2226260e-03, 1.4400000e-04,
       1.9418170e-03, 8.2700000e-04, 4.6700000e-04, 1.6181810e-03,
       6.1100000e-04, 4.6700000e-04, 7.1900000e-04, 5.3900000e-04,
       5.7500000e-04, 2.5200000e-04, 1.4400000e-04, 8.9900000e-04,
       0.0000000e+00, 7.5500000e-04, 0.0000000e+00, 5.2141390e-03,
       0.0000000e+00, 4.2899781e-02, 4.9983820e-03, 1.9022619e-02,
       1.0608077e-02, 2.9271099e-02, 1.6901003e-02, 9.1696930e-03,
       2.3769283e-02, 3.2399583e-02, 4.3200000e-04, 2.3733320e-03,
       4.1101802e-02, 1.7584235e-02, 3.0853321e-02, 2.6214535e-02,
       2.2258981e-02, 3.6000000e-04, 1.8195548e-02, 4.0634327e-02,
       5.0415333e-02, 2.2294940e-03, 4.6387860e-03, 1.9490093e-02,
       7.1900000e-04, 6.2929270e-03, 3.8476750e-03, 0.0000000e+00,
       8.6300000e-04, 0.0000000e+00, 0.0000000e+00]), array([2.44819294e-01, 0.00000000e+00, 3.39968920e-02, 1.82000000e-04,
       0.00000000e+00, 2.55410770e-02, 3.22085000e-03, 9.35869500e-03,
       1.22000000e-04, 1.22000000e-04, 1.04000000e-04, 5.21000000e-05,
       0.00000000e+00, 4.58385100e-03, 1.29007610e-02, 2.96821690e-02,
       7.86547100e-03, 1.07390590e-02, 4.95715700e-03, 4.44494600e-03,
       2.72600200e-03, 4.44494600e-03, 7.43139400e-03, 8.14328000e-03,
       7.97833100e-03, 8.95934400e-03, 4.29736000e-03, 7.29000000e-04,
       2.60185610e-02, 2.77809130e-02, 2.60880130e-02, 3.25557600e-03,
       0.00000000e+00, 4.95000000e-04, 1.48000000e-04, 5.47000000e-04,
       5.47000000e-04, 5.21000000e-05, 5.21000000e-05, 1.56000000e-04,
       2.95000000e-04, 1.65000000e-04, 1.30000000e-04, 6.08000000e-05,
       3.30000000e-04, 3.04000000e-04, 5.90000000e-04, 6.08000000e-05,
       6.08000000e-05, 4.34000000e-05, 1.22000000e-04, 6.08000000e-05,
       3.32502800e-03, 6.42000000e-04, 3.47000000e-05, 4.34000000e-05,
       5.21000000e-05, 8.68000000e-06, 2.60000000e-05, 1.39000000e-04,
       0.00000000e+00, 1.39000000e-04, 0.00000000e+00, 1.57830310e-02,
       0.00000000e+00, 3.58981480e-02, 1.13641300e-02, 1.62605160e-02,
       3.07152720e-02, 4.70799660e-02, 7.65711400e-03, 4.34944900e-03,
       1.16332570e-02, 3.45091030e-02, 6.16000000e-04, 4.63594000e-03,
       2.82931230e-02, 5.83399200e-03, 1.71373510e-02, 1.90472880e-02,
       1.19892000e-02, 2.26000000e-04, 1.50016930e-02, 2.98210740e-02,
       3.44830580e-02, 2.31797000e-03, 1.40901320e-02, 1.38904560e-02,
       1.13814930e-02, 4.16713700e-03, 1.65000000e-04, 0.00000000e+00,
       0.00000000e+00, 0.00000000e+00, 0.00000000e+00]), array([0.18726115, 0.00212314, 0.02717622, 0.000849  , 0.        ,
       0.        , 0.00169851, 0.00169851, 0.        , 0.        ,
       0.        , 0.        , 0.000849  , 0.02887473, 0.00721868,
       0.01783439, 0.00169851, 0.000849  , 0.00552017, 0.000425  ,
       0.000849  , 0.00382166, 0.00212314, 0.00127388, 0.00127388,
       0.00127388, 0.00212314, 0.00169851, 0.02717622, 0.01358811,
       0.02717622, 0.000849  , 0.        , 0.00127388, 0.        ,
       0.00169851, 0.000425  , 0.000849  , 0.00127388, 0.        ,
       0.000425  , 0.00212314, 0.        , 0.        , 0.        ,
       0.        , 0.        , 0.        , 0.00127388, 0.        ,
       0.000425  , 0.        , 0.000849  , 0.        , 0.        ,
       0.000849  , 0.        , 0.000425  , 0.        , 0.        ,
       0.        , 0.        , 0.        , 0.01019108, 0.        ,
       0.06369427, 0.0089172 , 0.02505308, 0.02547771, 0.05690021,
       0.01953291, 0.0089172 , 0.01656051, 0.03481953, 0.        ,
       0.0029724 , 0.02845011, 0.00934183, 0.03821656, 0.04501062,
       0.02632696, 0.00127388, 0.04840764, 0.04798301, 0.05987261,
       0.01656051, 0.00934183, 0.00976645, 0.        , 0.00721868,
       0.        , 0.        , 0.        , 0.        , 0.        ]), array([5.14888340e-02, 5.58312700e-03, 1.38544250e-02, 2.06782500e-03,
       0.00000000e+00, 4.14000000e-04, 1.19933830e-02, 1.86104200e-03,
       1.65426000e-03, 1.65426000e-03, 0.00000000e+00, 4.14000000e-04,
       6.20000000e-04, 3.44292804e-01, 6.41025600e-03, 1.40612080e-02,
       1.53019020e-02, 7.44416900e-03, 8.27000000e-04, 2.27460700e-03,
       1.44747700e-03, 1.44747700e-03, 1.03391200e-03, 6.20000000e-04,
       8.27000000e-04, 6.20000000e-04, 8.47808100e-03, 7.65095100e-03,
       2.89495450e-02, 1.63358150e-02, 2.89495450e-02, 1.24069500e-03,
       0.00000000e+00, 6.82382100e-03, 2.48139000e-03, 1.86104200e-03,
       6.20347400e-03, 4.75599700e-03, 3.72208400e-03, 2.06782500e-03,
       2.89495500e-03, 7.23738600e-03, 2.07000000e-04, 2.07000000e-04,
       1.65426000e-03, 1.86104200e-03, 2.06782500e-03, 6.41025600e-03,
       4.96277900e-03, 0.00000000e+00, 4.75599700e-03, 1.24069500e-03,
       9.71877600e-03, 2.07000000e-04, 2.48139000e-03, 8.27000000e-04,
       8.27000000e-04, 0.00000000e+00, 8.27000000e-04, 0.00000000e+00,
       0.00000000e+00, 0.00000000e+00, 0.00000000e+00, 2.48139000e-03,
       0.00000000e+00, 2.23325060e-02, 1.73697270e-02, 1.65425970e-02,
       1.42679900e-02, 2.99834570e-02, 5.58312700e-03, 5.99669100e-03,
       8.06451600e-03, 1.86104220e-02, 1.24069500e-03, 1.44747700e-03,
       1.59222500e-02, 5.99669100e-03, 2.77088500e-02, 1.40612080e-02,
       2.85359800e-02, 0.00000000e+00, 1.71629450e-02, 3.24648470e-02,
       2.85359800e-02, 5.99669100e-03, 5.37634400e-03, 2.68817200e-03,
       6.41025600e-03, 3.92886700e-03, 1.03391200e-03, 8.27000000e-04,
       1.44747700e-03, 6.20000000e-04, 0.00000000e+00])]
Common Instance for Type-1 Error
{101, 77, 13, 49, 58, 63}
Common Instance for Type-2 Error
set()