KNN
Confusion Matrix:
 [[20 17]
 [24 58]]

Type-1 Error Instance:
[array([0.06058588, 0.000266  , 0.04740346, 0.0045273 , 0.        ,
       0.000399  , 0.00652463, 0.00905459, 0.00186418, 0.00186418,
       0.        , 0.000399  , 0.00252996, 0.00505992, 0.01091878,
       0.02423435, 0.00878828, 0.00585885, 0.00585885, 0.00279627,
       0.000266  , 0.000666  , 0.000266  , 0.000266  , 0.00279627,
       0.000266  , 0.00213049, 0.01158455, 0.03062583, 0.03901465,
       0.03062583, 0.00226365, 0.        , 0.0033289 , 0.000266  ,
       0.00266312, 0.00252996, 0.00266312, 0.00519308, 0.        ,
       0.000932  , 0.000266  , 0.        , 0.        , 0.000399  ,
       0.000666  , 0.000399  , 0.000133  , 0.000266  , 0.        ,
       0.0011984 , 0.0023968 , 0.000666  , 0.000399  , 0.000533  ,
       0.000533  , 0.        , 0.000266  , 0.        , 0.        ,
       0.        , 0.        , 0.        , 0.000266  , 0.        ,
       0.04700399, 0.01824234, 0.02929427, 0.03169108, 0.05925433,
       0.02370173, 0.0150466 , 0.01051931, 0.0424767 , 0.        ,
       0.00426099, 0.02183755, 0.01078562, 0.04394141, 0.04766977,
       0.01065246, 0.        , 0.05193076, 0.03462051, 0.06830892,
       0.02729694, 0.00625832, 0.01890812, 0.000533  , 0.00492676,
       0.0045273 , 0.        , 0.        , 0.        , 0.        ]), array([8.0488751e-02, 6.1000000e-04, 1.8175773e-02, 8.3100000e-04,
       0.0000000e+00, 1.9400000e-04, 2.1334370e-03, 8.0904360e-03,
       1.6901250e-03, 1.6901250e-03, 0.0000000e+00, 8.3100000e-05,
       1.3853490e-03, 1.4379918e-02, 1.2689793e-02, 3.1807603e-02,
       9.8082680e-03, 6.1786550e-03, 3.5741990e-03, 1.7732460e-03,
       8.0400000e-04, 1.6901250e-03, 1.4684690e-03, 1.4684690e-03,
       8.8700000e-04, 1.0528650e-03, 4.2945810e-03, 3.8789760e-03,
       3.5852821e-02, 2.6404743e-02, 3.6019062e-02, 3.0500000e-04,
       5.5400000e-05, 2.8538180e-03, 9.9700000e-04, 1.1359860e-03,
       8.5900000e-04, 8.0400000e-04, 5.5400000e-04, 4.1600000e-04,
       1.6600000e-04, 1.4961760e-03, 2.4900000e-04, 9.1400000e-04,
       1.3853490e-03, 3.0200600e-03, 1.0805720e-03, 7.2000000e-04,
       4.3222870e-03, 1.3900000e-04, 9.7000000e-04, 2.6875760e-03,
       1.6624180e-03, 2.1888510e-03, 2.2200000e-04, 2.2200000e-04,
       8.3100000e-05, 1.3900000e-04, 2.7700000e-05, 0.0000000e+00,
       0.0000000e+00, 0.0000000e+00, 0.0000000e+00, 7.2592260e-03,
       0.0000000e+00, 6.5748642e-02, 1.6347113e-02, 1.5349662e-02,
       3.1696775e-02, 4.8237837e-02, 1.0861133e-02, 2.1528317e-02,
       1.5682146e-02, 4.0507592e-02, 4.6270640e-03, 1.0251579e-02,
       3.4328937e-02, 1.9782777e-02, 3.9981159e-02, 2.3190735e-02,
       2.4825446e-02, 7.2000000e-04, 4.1172559e-02, 3.6711737e-02,
       5.9902471e-02, 1.6513355e-02, 3.8235620e-03, 9.5034910e-03,
       2.4659200e-03, 8.2289700e-03, 4.7100000e-04, 3.0500000e-04,
       2.2200000e-04, 3.0500000e-04, 0.0000000e+00]), array([2.02795335e-01, 8.01000000e-04, 2.29680410e-02, 1.33535100e-03,
       0.00000000e+00, 1.78000000e-04, 8.90000000e-04, 2.67070200e-03,
       1.86949200e-03, 1.86949200e-03, 4.45000000e-04, 8.90000000e-05,
       4.09507700e-03, 1.14840200e-02, 6.85480300e-03, 7.21089600e-03,
       1.01486690e-02, 3.38289000e-03, 2.22558500e-03, 1.78046800e-03,
       4.45000000e-04, 3.91703000e-03, 8.01000000e-04, 3.56000000e-04,
       2.04753900e-03, 6.23000000e-04, 7.65601400e-03, 8.19015400e-03,
       2.05644080e-02, 1.15730440e-02, 2.06534320e-02, 1.78000000e-04,
       0.00000000e+00, 8.01000000e-04, 1.15730400e-03, 5.34000000e-04,
       1.24632800e-03, 1.06828100e-03, 1.60242100e-03, 2.67000000e-04,
       1.42437500e-03, 1.06828100e-03, 1.78000000e-04, 1.78000000e-04,
       1.33535100e-03, 4.45000000e-04, 5.34000000e-04, 1.51339800e-03,
       1.60242100e-03, 0.00000000e+00, 1.60242100e-03, 1.42437500e-03,
       1.95851500e-03, 0.00000000e+00, 9.79000000e-04, 5.34000000e-04,
       8.90000000e-05, 8.90000000e-05, 0.00000000e+00, 1.78000000e-04,
       0.00000000e+00, 0.00000000e+00, 0.00000000e+00, 3.02679600e-03,
       3.56000000e-04, 4.30873320e-02, 1.50449570e-02, 1.59351910e-02,
       2.67960470e-02, 6.12481080e-02, 1.47778870e-02, 2.74192110e-02,
       2.84874920e-02, 5.22567440e-02, 2.67000000e-04, 7.56699000e-03,
       2.80423750e-02, 1.41547230e-02, 3.84581140e-02, 4.03276060e-02,
       1.71815190e-02, 1.06828100e-03, 5.00311580e-02, 3.08911240e-02,
       5.78652190e-02, 9.43648200e-03, 3.82800700e-03, 8.99136500e-03,
       8.01210700e-03, 8.63527100e-03, 8.01000000e-04, 8.90000000e-05,
       0.00000000e+00, 0.00000000e+00, 0.00000000e+00]), array([0.0571912 , 0.000846  , 0.0392555 , 0.000846  , 0.        ,
       0.00203046, 0.00592217, 0.00169205, 0.00135364, 0.00135364,
       0.        , 0.000338  , 0.00270728, 0.00913706, 0.01133672,
       0.02927242, 0.00998308, 0.00406091, 0.0035533 , 0.00456853,
       0.000677  , 0.00203046, 0.00236887, 0.00135364, 0.00270728,
       0.0033841 , 0.00812183, 0.00981387, 0.03350254, 0.02741117,
       0.03350254, 0.000338  , 0.        , 0.01996616, 0.00558376,
       0.01015228, 0.00998308, 0.02098139, 0.01184433, 0.00778342,
       0.00524535, 0.00930626, 0.000338  , 0.        , 0.02098139,
       0.00642978, 0.01387479, 0.01150592, 0.00439932, 0.        ,
       0.01319797, 0.00947547, 0.021489  , 0.00236887, 0.0035533 ,
       0.00135364, 0.        , 0.00203046, 0.000338  , 0.        ,
       0.        , 0.000169  , 0.        , 0.00270728, 0.        ,
       0.04348562, 0.00930626, 0.01962775, 0.02199662, 0.04619289,
       0.00812183, 0.01218274, 0.0108291 , 0.03028765, 0.00169205,
       0.00203046, 0.02284264, 0.01336717, 0.03316413, 0.03316413,
       0.02385787, 0.000508  , 0.02622673, 0.02724196, 0.04551607,
       0.00964467, 0.00609137, 0.0106599 , 0.00406091, 0.00778342,
       0.00152284, 0.000338  , 0.        , 0.000338  , 0.        ])]
Type-2 Error Instance:
[array([0.00146199, 0.        , 0.00292398, 0.        , 0.        ,
       0.        , 0.01900585, 0.        , 0.        , 0.        ,
       0.        , 0.        , 0.        , 0.        , 0.        ,
       0.03216374, 0.        , 0.        , 0.000731  , 0.        ,
       0.        , 0.        , 0.        , 0.        , 0.        ,
       0.        , 0.        , 0.01900585, 0.06432749, 0.00146199,
       0.06432749, 0.        , 0.00146199, 0.01096491, 0.00804094,
       0.000731  , 0.        , 0.        , 0.        , 0.        ,
       0.        , 0.00146199, 0.        , 0.000731  , 0.00292398,
       0.000731  , 0.000731  , 0.00511696, 0.000731  , 0.        ,
       0.00146199, 0.000731  , 0.000731  , 0.        , 0.00292398,
       0.        , 0.00219298, 0.        , 0.00146199, 0.00146199,
       0.        , 0.000731  , 0.        , 0.        , 0.        ,
       0.000731  , 0.02266082, 0.00438597, 0.00438597, 0.000731  ,
       0.        , 0.00146199, 0.000731  , 0.00438597, 0.        ,
       0.        , 0.00146199, 0.000731  , 0.01973684, 0.000731  ,
       0.08552632, 0.000731  , 0.00219298, 0.02046784, 0.00219298,
       0.00146199, 0.00730994, 0.        , 0.00438597, 0.000731  ,
       0.00365497, 0.00146199, 0.        , 0.        , 0.        ]), array([2.52085264e-01, 1.15848000e-03, 2.08526410e-02, 1.62187200e-03,
       4.63000000e-04, 0.00000000e+00, 9.27000000e-04, 0.00000000e+00,
       2.54865600e-03, 2.54865600e-03, 0.00000000e+00, 9.27000000e-04,
       4.33271550e-02, 4.40222400e-03, 9.03614500e-03, 1.83039850e-02,
       5.56070400e-03, 2.31696000e-03, 8.57275300e-03, 2.08526400e-03,
       2.54865600e-03, 3.01204800e-03, 4.63000000e-04, 3.70713600e-03,
       2.08526400e-03, 3.70713600e-03, 1.62187200e-03, 2.31696000e-03,
       2.38646900e-02, 1.11214090e-02, 2.38646900e-02, 6.95000000e-04,
       0.00000000e+00, 3.70713600e-03, 1.15848000e-03, 1.39017600e-03,
       1.85356800e-03, 6.95000000e-04, 1.15848000e-03, 0.00000000e+00,
       0.00000000e+00, 6.95000000e-04, 0.00000000e+00, 0.00000000e+00,
       6.95000000e-04, 1.39017600e-03, 1.15848000e-03, 1.39017600e-03,
       6.95000000e-04, 0.00000000e+00, 1.85356800e-03, 1.39017600e-03,
       1.15848000e-03, 1.15848000e-03, 1.39017600e-03, 4.63000000e-04,
       0.00000000e+00, 2.32000000e-04, 2.54865600e-03, 0.00000000e+00,
       0.00000000e+00, 0.00000000e+00, 0.00000000e+00, 7.18257600e-03,
       0.00000000e+00, 4.33271550e-02, 1.36700650e-02, 2.36329940e-02,
       2.84986100e-02, 3.91566270e-02, 1.36700650e-02, 1.06580170e-02,
       1.34383690e-02, 3.24374420e-02, 1.62187200e-03, 2.08526400e-03,
       2.10843370e-02, 1.52919370e-02, 2.13160330e-02, 3.52177940e-02,
       2.47914740e-02, 6.95000000e-04, 3.08155700e-02, 4.05468030e-02,
       3.05838740e-02, 1.04263210e-02, 1.29749770e-02, 1.06580170e-02,
       1.34383690e-02, 6.02409600e-03, 1.27432810e-02, 0.00000000e+00,
       0.00000000e+00, 0.00000000e+00, 0.00000000e+00]), array([5.5153203e-02, 9.0500000e-04, 5.9888580e-03, 6.9600000e-05,
       0.0000000e+00, 7.6600000e-04, 2.5069640e-03, 1.3788301e-02,
       4.8700000e-04, 4.8700000e-04, 0.0000000e+00, 0.0000000e+00,
       4.8700000e-04, 4.9721448e-02, 5.0835650e-03, 2.5139276e-02,
       1.2952646e-02, 6.8941500e-03, 8.9136490e-03, 5.3621170e-03,
       4.3175490e-03, 2.1587740e-03, 7.1030640e-03, 1.4623960e-03,
       1.1142060e-03, 1.6713090e-03, 3.4800000e-04, 1.0445680e-03,
       4.5682451e-02, 3.6281337e-02, 4.5821727e-02, 3.4122560e-03,
       0.0000000e+00, 5.9888580e-03, 9.0500000e-04, 1.1142060e-03,
       5.4317550e-03, 1.4623960e-03, 6.9600000e-04, 2.0900000e-04,
       6.9600000e-05, 5.0139280e-03, 1.3900000e-04, 3.4800000e-04,
       4.8700000e-04, 1.1838440e-03, 1.1142060e-03, 2.7900000e-04,
       1.3231200e-03, 0.0000000e+00, 1.3927580e-03, 1.6713090e-03,
       1.8802230e-03, 6.9600000e-05, 8.3600000e-04, 0.0000000e+00,
       6.9600000e-05, 0.0000000e+00, 0.0000000e+00, 0.0000000e+00,
       0.0000000e+00, 0.0000000e+00, 0.0000000e+00, 1.1211699e-02,
       0.0000000e+00, 6.0167131e-02, 2.0125348e-02, 2.3885794e-02,
       3.2520891e-02, 5.1740947e-02, 5.3621170e-03, 9.2618380e-03,
       1.3788301e-02, 4.0041783e-02, 1.7409470e-03, 4.1800000e-04,
       3.0640669e-02, 1.0793872e-02, 4.3384401e-02, 5.4387187e-02,
       3.2311978e-02, 3.4800000e-04, 3.9345404e-02, 3.8649025e-02,
       5.9888579e-02, 2.4442897e-02, 9.4707520e-03, 2.1587740e-03,
       2.0891360e-03, 1.2534820e-03, 5.5700000e-04, 6.9600000e-05,
       0.0000000e+00, 1.3900000e-04, 0.0000000e+00]), array([3.47910482e-01, 5.13816000e-04, 3.13998630e-02, 8.56360000e-04,
       0.00000000e+00, 0.00000000e+00, 7.13633200e-03, 0.00000000e+00,
       0.00000000e+00, 0.00000000e+00, 0.00000000e+00, 0.00000000e+00,
       0.00000000e+00, 1.06188630e-02, 9.76250300e-03, 1.85544640e-02,
       2.45489800e-03, 9.53414000e-03, 1.09614070e-02, 0.00000000e+00,
       2.79744200e-03, 0.00000000e+00, 2.45489800e-03, 0.00000000e+00,
       2.45489800e-03, 0.00000000e+00, 2.56908000e-03, 2.85453000e-04,
       2.31788080e-02, 2.42635300e-02, 2.31788080e-02, 1.71272000e-03,
       1.14181000e-04, 2.16944500e-03, 0.00000000e+00, 7.99269000e-04,
       1.14181000e-04, 3.42544000e-04, 2.85453000e-04, 3.99635000e-04,
       1.14181000e-04, 0.00000000e+00, 0.00000000e+00, 0.00000000e+00,
       3.99635000e-04, 5.71000000e-05, 0.00000000e+00, 0.00000000e+00,
       2.85453000e-04, 0.00000000e+00, 6.27997000e-04, 5.13816000e-04,
       3.99635000e-04, 5.71000000e-05, 5.70907000e-04, 0.00000000e+00,
       0.00000000e+00, 0.00000000e+00, 0.00000000e+00, 0.00000000e+00,
       0.00000000e+00, 0.00000000e+00, 0.00000000e+00, 1.04475910e-02,
       0.00000000e+00, 4.09340030e-02, 4.28179900e-03, 1.87828270e-02,
       1.42155740e-02, 3.37976710e-02, 6.39415400e-03, 6.45124500e-03,
       1.46152090e-02, 2.34071710e-02, 0.00000000e+00, 2.16944500e-03,
       4.25325420e-02, 1.27883080e-02, 1.71271980e-02, 2.32358990e-02,
       1.70130170e-02, 2.28363000e-04, 1.74697420e-02, 3.49965750e-02,
       3.04864120e-02, 1.02192280e-02, 5.65197500e-03, 2.45489800e-03,
       1.25599500e-03, 3.02580500e-03, 5.71000000e-05, 0.00000000e+00,
       0.00000000e+00, 0.00000000e+00, 0.00000000e+00])]SVM with linear kernel
Confusion Matrix:
 [[ 0 37]
 [ 0 82]]

Type-1 Error Instance:
[array([0.11072179, 0.000701  , 0.04064471, 0.00035   , 0.        ,
       0.        , 0.00140154, 0.00665732, 0.00280308, 0.00280308,
       0.        , 0.00035   , 0.00210231, 0.00735809, 0.01997197,
       0.03889278, 0.00105116, 0.00140154, 0.00210231, 0.00455501,
       0.00105116, 0.00140154, 0.00140154, 0.00035   , 0.000701  ,
       0.00105116, 0.00315347, 0.00280308, 0.05641205, 0.0311843 ,
       0.05641205, 0.00911002, 0.        , 0.000701  , 0.000701  ,
       0.000701  , 0.000701  , 0.00210231, 0.        , 0.        ,
       0.        , 0.        , 0.00035   , 0.        , 0.        ,
       0.00035   , 0.000701  , 0.        , 0.00035   , 0.00035   ,
       0.00035   , 0.00035   , 0.00035   , 0.00035   , 0.        ,
       0.        , 0.        , 0.        , 0.        , 0.00140154,
       0.00035   , 0.00140154, 0.        , 0.00280308, 0.        ,
       0.0648213 , 0.00560617, 0.02838122, 0.01086195, 0.04344779,
       0.01401542, 0.01892081, 0.02452698, 0.04134548, 0.00560617,
       0.00280308, 0.04064471, 0.00875964, 0.0217239 , 0.05080589,
       0.04870357, 0.00210231, 0.033637  , 0.03153469, 0.03924317,
       0.00560617, 0.00735809, 0.00700771, 0.00315347, 0.00385424,
       0.000701  , 0.00035   , 0.000701  , 0.00035   , 0.        ]), array([0.06058588, 0.000266  , 0.04740346, 0.0045273 , 0.        ,
       0.000399  , 0.00652463, 0.00905459, 0.00186418, 0.00186418,
       0.        , 0.000399  , 0.00252996, 0.00505992, 0.01091878,
       0.02423435, 0.00878828, 0.00585885, 0.00585885, 0.00279627,
       0.000266  , 0.000666  , 0.000266  , 0.000266  , 0.00279627,
       0.000266  , 0.00213049, 0.01158455, 0.03062583, 0.03901465,
       0.03062583, 0.00226365, 0.        , 0.0033289 , 0.000266  ,
       0.00266312, 0.00252996, 0.00266312, 0.00519308, 0.        ,
       0.000932  , 0.000266  , 0.        , 0.        , 0.000399  ,
       0.000666  , 0.000399  , 0.000133  , 0.000266  , 0.        ,
       0.0011984 , 0.0023968 , 0.000666  , 0.000399  , 0.000533  ,
       0.000533  , 0.        , 0.000266  , 0.        , 0.        ,
       0.        , 0.        , 0.        , 0.000266  , 0.        ,
       0.04700399, 0.01824234, 0.02929427, 0.03169108, 0.05925433,
       0.02370173, 0.0150466 , 0.01051931, 0.0424767 , 0.        ,
       0.00426099, 0.02183755, 0.01078562, 0.04394141, 0.04766977,
       0.01065246, 0.        , 0.05193076, 0.03462051, 0.06830892,
       0.02729694, 0.00625832, 0.01890812, 0.000533  , 0.00492676,
       0.0045273 , 0.        , 0.        , 0.        , 0.        ]), array([0.03155604, 0.000363  , 0.04062387, 0.        , 0.        ,
       0.        , 0.00290171, 0.00253899, 0.        , 0.        ,
       0.        , 0.        , 0.000725  , 0.00145085, 0.01595938,
       0.04570185, 0.00181357, 0.00108814, 0.00108814, 0.00108814,
       0.000363  , 0.00108814, 0.000725  , 0.000725  , 0.000363  ,
       0.000725  , 0.00108814, 0.00290171, 0.08015959, 0.0221255 ,
       0.08015959, 0.000363  , 0.        , 0.00326442, 0.00108814,
       0.00217628, 0.00145085, 0.00181357, 0.000363  , 0.000725  ,
       0.000363  , 0.000725  , 0.        , 0.        , 0.00145085,
       0.000363  , 0.00145085, 0.00108814, 0.000363  , 0.        ,
       0.00145085, 0.00181357, 0.000725  , 0.        , 0.        ,
       0.000363  , 0.        , 0.        , 0.        , 0.        ,
       0.        , 0.        , 0.        , 0.000725  , 0.        ,
       0.05440696, 0.00725426, 0.01233225, 0.02176279, 0.03772216,
       0.01777294, 0.0137831 , 0.03735945, 0.08741386, 0.000363  ,
       0.00181357, 0.05368154, 0.01051868, 0.02684077, 0.01632209,
       0.0359086 , 0.        , 0.02974247, 0.02321364, 0.02901705,
       0.00616612, 0.01196953, 0.00398984, 0.000363  , 0.00290171,
       0.000363  , 0.        , 0.00870511, 0.        , 0.        ]), array([0.11654299, 0.00174596, 0.06460061, 0.00261894, 0.        ,
       0.00109123, 0.0024007 , 0.00436491, 0.        , 0.        ,
       0.        , 0.00218245, 0.        , 0.01505893, 0.01309472,
       0.02531646, 0.01003928, 0.00611087, 0.0048014 , 0.00130947,
       0.000218  , 0.00152772, 0.00109123, 0.00218245, 0.00196421,
       0.000218  , 0.0024007 , 0.00589262, 0.03120908, 0.03666521,
       0.03120908, 0.00109123, 0.        , 0.00196421, 0.00109123,
       0.00501964, 0.00327368, 0.00392842, 0.00283719, 0.        ,
       0.000873  , 0.000436  , 0.        , 0.        , 0.00152772,
       0.00109123, 0.00196421, 0.000655  , 0.000218  , 0.        ,
       0.00261894, 0.00458315, 0.000218  , 0.00130947, 0.00218245,
       0.000436  , 0.000436  , 0.        , 0.        , 0.        ,
       0.        , 0.        , 0.        , 0.000436  , 0.        ,
       0.03753819, 0.01964208, 0.02138804, 0.02859013, 0.06460061,
       0.01222174, 0.01767787, 0.01680489, 0.04539502, 0.        ,
       0.00632911, 0.0211698 , 0.011567  , 0.02968136, 0.03251855,
       0.01440419, 0.000218  , 0.04343082, 0.02728066, 0.05805325,
       0.01418595, 0.00632911, 0.01265823, 0.00196421, 0.00436491,
       0.00218245, 0.        , 0.        , 0.        , 0.        ])]
Type-2 Error Instance:
[]SVM with RBF kernel
Confusion Matrix:
 [[ 5 32]
 [ 2 80]]

Type-1 Error Instance:
[array([0.11072179, 0.000701  , 0.04064471, 0.00035   , 0.        ,
       0.        , 0.00140154, 0.00665732, 0.00280308, 0.00280308,
       0.        , 0.00035   , 0.00210231, 0.00735809, 0.01997197,
       0.03889278, 0.00105116, 0.00140154, 0.00210231, 0.00455501,
       0.00105116, 0.00140154, 0.00140154, 0.00035   , 0.000701  ,
       0.00105116, 0.00315347, 0.00280308, 0.05641205, 0.0311843 ,
       0.05641205, 0.00911002, 0.        , 0.000701  , 0.000701  ,
       0.000701  , 0.000701  , 0.00210231, 0.        , 0.        ,
       0.        , 0.        , 0.00035   , 0.        , 0.        ,
       0.00035   , 0.000701  , 0.        , 0.00035   , 0.00035   ,
       0.00035   , 0.00035   , 0.00035   , 0.00035   , 0.        ,
       0.        , 0.        , 0.        , 0.        , 0.00140154,
       0.00035   , 0.00140154, 0.        , 0.00280308, 0.        ,
       0.0648213 , 0.00560617, 0.02838122, 0.01086195, 0.04344779,
       0.01401542, 0.01892081, 0.02452698, 0.04134548, 0.00560617,
       0.00280308, 0.04064471, 0.00875964, 0.0217239 , 0.05080589,
       0.04870357, 0.00210231, 0.033637  , 0.03153469, 0.03924317,
       0.00560617, 0.00735809, 0.00700771, 0.00315347, 0.00385424,
       0.000701  , 0.00035   , 0.000701  , 0.00035   , 0.        ]), array([0.06058588, 0.000266  , 0.04740346, 0.0045273 , 0.        ,
       0.000399  , 0.00652463, 0.00905459, 0.00186418, 0.00186418,
       0.        , 0.000399  , 0.00252996, 0.00505992, 0.01091878,
       0.02423435, 0.00878828, 0.00585885, 0.00585885, 0.00279627,
       0.000266  , 0.000666  , 0.000266  , 0.000266  , 0.00279627,
       0.000266  , 0.00213049, 0.01158455, 0.03062583, 0.03901465,
       0.03062583, 0.00226365, 0.        , 0.0033289 , 0.000266  ,
       0.00266312, 0.00252996, 0.00266312, 0.00519308, 0.        ,
       0.000932  , 0.000266  , 0.        , 0.        , 0.000399  ,
       0.000666  , 0.000399  , 0.000133  , 0.000266  , 0.        ,
       0.0011984 , 0.0023968 , 0.000666  , 0.000399  , 0.000533  ,
       0.000533  , 0.        , 0.000266  , 0.        , 0.        ,
       0.        , 0.        , 0.        , 0.000266  , 0.        ,
       0.04700399, 0.01824234, 0.02929427, 0.03169108, 0.05925433,
       0.02370173, 0.0150466 , 0.01051931, 0.0424767 , 0.        ,
       0.00426099, 0.02183755, 0.01078562, 0.04394141, 0.04766977,
       0.01065246, 0.        , 0.05193076, 0.03462051, 0.06830892,
       0.02729694, 0.00625832, 0.01890812, 0.000533  , 0.00492676,
       0.0045273 , 0.        , 0.        , 0.        , 0.        ]), array([0.03155604, 0.000363  , 0.04062387, 0.        , 0.        ,
       0.        , 0.00290171, 0.00253899, 0.        , 0.        ,
       0.        , 0.        , 0.000725  , 0.00145085, 0.01595938,
       0.04570185, 0.00181357, 0.00108814, 0.00108814, 0.00108814,
       0.000363  , 0.00108814, 0.000725  , 0.000725  , 0.000363  ,
       0.000725  , 0.00108814, 0.00290171, 0.08015959, 0.0221255 ,
       0.08015959, 0.000363  , 0.        , 0.00326442, 0.00108814,
       0.00217628, 0.00145085, 0.00181357, 0.000363  , 0.000725  ,
       0.000363  , 0.000725  , 0.        , 0.        , 0.00145085,
       0.000363  , 0.00145085, 0.00108814, 0.000363  , 0.        ,
       0.00145085, 0.00181357, 0.000725  , 0.        , 0.        ,
       0.000363  , 0.        , 0.        , 0.        , 0.        ,
       0.        , 0.        , 0.        , 0.000725  , 0.        ,
       0.05440696, 0.00725426, 0.01233225, 0.02176279, 0.03772216,
       0.01777294, 0.0137831 , 0.03735945, 0.08741386, 0.000363  ,
       0.00181357, 0.05368154, 0.01051868, 0.02684077, 0.01632209,
       0.0359086 , 0.        , 0.02974247, 0.02321364, 0.02901705,
       0.00616612, 0.01196953, 0.00398984, 0.000363  , 0.00290171,
       0.000363  , 0.        , 0.00870511, 0.        , 0.        ]), array([0.11654299, 0.00174596, 0.06460061, 0.00261894, 0.        ,
       0.00109123, 0.0024007 , 0.00436491, 0.        , 0.        ,
       0.        , 0.00218245, 0.        , 0.01505893, 0.01309472,
       0.02531646, 0.01003928, 0.00611087, 0.0048014 , 0.00130947,
       0.000218  , 0.00152772, 0.00109123, 0.00218245, 0.00196421,
       0.000218  , 0.0024007 , 0.00589262, 0.03120908, 0.03666521,
       0.03120908, 0.00109123, 0.        , 0.00196421, 0.00109123,
       0.00501964, 0.00327368, 0.00392842, 0.00283719, 0.        ,
       0.000873  , 0.000436  , 0.        , 0.        , 0.00152772,
       0.00109123, 0.00196421, 0.000655  , 0.000218  , 0.        ,
       0.00261894, 0.00458315, 0.000218  , 0.00130947, 0.00218245,
       0.000436  , 0.000436  , 0.        , 0.        , 0.        ,
       0.        , 0.        , 0.        , 0.000436  , 0.        ,
       0.03753819, 0.01964208, 0.02138804, 0.02859013, 0.06460061,
       0.01222174, 0.01767787, 0.01680489, 0.04539502, 0.        ,
       0.00632911, 0.0211698 , 0.011567  , 0.02968136, 0.03251855,
       0.01440419, 0.000218  , 0.04343082, 0.02728066, 0.05805325,
       0.01418595, 0.00632911, 0.01265823, 0.00196421, 0.00436491,
       0.00218245, 0.        , 0.        , 0.        , 0.        ])]
Type-2 Error Instance:
[array([6.20597243e-01, 3.83000000e-04, 2.14395100e-02, 7.66000000e-04,
       0.00000000e+00, 0.00000000e+00, 1.53139400e-03, 0.00000000e+00,
       1.14854500e-03, 1.14854500e-03, 0.00000000e+00, 0.00000000e+00,
       0.00000000e+00, 2.67993900e-03, 1.14854500e-03, 1.87595710e-02,
       1.53139360e-02, 3.44563600e-03, 1.53139400e-03, 3.06278700e-03,
       1.14854500e-03, 2.67993900e-03, 1.91424200e-03, 1.91424200e-03,
       1.14854500e-03, 1.91424200e-03, 5.35987700e-03, 3.82848400e-03,
       2.90964780e-02, 1.37825420e-02, 2.90964780e-02, 3.83000000e-04,
       7.66000000e-04, 1.14854500e-03, 3.83000000e-04, 1.14854500e-03,
       3.83000000e-04, 3.83000000e-04, 0.00000000e+00, 0.00000000e+00,
       0.00000000e+00, 0.00000000e+00, 0.00000000e+00, 0.00000000e+00,
       3.83000000e-04, 2.29709000e-03, 0.00000000e+00, 0.00000000e+00,
       1.14854500e-03, 0.00000000e+00, 0.00000000e+00, 0.00000000e+00,
       0.00000000e+00, 0.00000000e+00, 0.00000000e+00, 3.83000000e-04,
       0.00000000e+00, 0.00000000e+00, 0.00000000e+00, 0.00000000e+00,
       0.00000000e+00, 0.00000000e+00, 0.00000000e+00, 3.83000000e-04,
       0.00000000e+00, 1.22511490e-02, 7.27411900e-03, 5.74272600e-03,
       1.95252680e-02, 8.80551300e-03, 1.14854500e-03, 9.95405800e-03,
       6.89127100e-03, 9.95405800e-03, 3.83000000e-04, 0.00000000e+00,
       1.22511490e-02, 2.67993900e-03, 8.80551300e-03, 6.50842300e-03,
       1.03369070e-02, 3.83000000e-04, 9.95405800e-03, 1.53139360e-02,
       3.25421130e-02, 1.14854500e-03, 3.06278700e-03, 7.66000000e-04,
       0.00000000e+00, 4.59418100e-03, 0.00000000e+00, 0.00000000e+00,
       2.67993900e-03, 0.00000000e+00, 1.53139400e-03]), array([4.57438981e-01, 3.20000000e-05, 3.42279520e-02, 3.20000000e-05,
       0.00000000e+00, 3.83864900e-03, 2.56000000e-04, 1.28000000e-04,
       1.92000000e-04, 1.92000000e-04, 0.00000000e+00, 9.60000000e-05,
       5.12000000e-04, 8.00000000e-04, 4.57439000e-03, 2.07926810e-02,
       1.10041270e-02, 5.88592800e-03, 6.01388300e-03, 3.64671600e-03,
       3.74268300e-03, 3.16688500e-03, 2.81500900e-03, 2.49512200e-03,
       2.52711000e-03, 1.69540300e-03, 1.08761700e-03, 2.88000000e-04,
       3.07091900e-02, 2.39275770e-02, 3.07091900e-02, 1.02364000e-03,
       9.60000000e-05, 9.28000000e-04, 2.14324600e-03, 9.60000000e-05,
       1.72739200e-03, 9.28000000e-04, 5.76000000e-04, 6.40000000e-05,
       6.40000000e-05, 2.88000000e-04, 3.20000000e-05, 2.24000000e-04,
       8.00000000e-04, 3.52000000e-04, 9.60000000e-05, 6.40000000e-04,
       2.56000000e-04, 6.40000000e-05, 8.32000000e-04, 5.44000000e-04,
       2.75103200e-03, 9.60000000e-05, 9.60000000e-05, 0.00000000e+00,
       3.20000000e-05, 6.72000000e-04, 3.20000000e-05, 3.20000000e-05,
       0.00000000e+00, 3.20000000e-05, 0.00000000e+00, 2.14324600e-03,
       0.00000000e+00, 2.54630370e-02, 8.98883600e-03, 1.14519690e-02,
       2.40555320e-02, 2.37356450e-02, 4.35046900e-03, 1.80096610e-02,
       1.19957770e-02, 2.28399600e-02, 6.72000000e-04, 2.30318900e-03,
       1.84255140e-02, 6.01388300e-03, 1.38511240e-02, 9.94849800e-03,
       1.00444640e-02, 9.60000000e-05, 2.05687600e-02, 1.07802050e-02,
       3.73308600e-02, 2.11125700e-03, 1.34352700e-03, 5.53405200e-03,
       3.84000000e-04, 6.40000000e-04, 3.20000000e-04, 3.20000000e-05,
       0.00000000e+00, 3.20000000e-05, 0.00000000e+00])]MLP
Confusion Matrix:
 [[12 25]
 [11 71]]

Type-1 Error Instance:
[array([0.11072179, 0.000701  , 0.04064471, 0.00035   , 0.        ,
       0.        , 0.00140154, 0.00665732, 0.00280308, 0.00280308,
       0.        , 0.00035   , 0.00210231, 0.00735809, 0.01997197,
       0.03889278, 0.00105116, 0.00140154, 0.00210231, 0.00455501,
       0.00105116, 0.00140154, 0.00140154, 0.00035   , 0.000701  ,
       0.00105116, 0.00315347, 0.00280308, 0.05641205, 0.0311843 ,
       0.05641205, 0.00911002, 0.        , 0.000701  , 0.000701  ,
       0.000701  , 0.000701  , 0.00210231, 0.        , 0.        ,
       0.        , 0.        , 0.00035   , 0.        , 0.        ,
       0.00035   , 0.000701  , 0.        , 0.00035   , 0.00035   ,
       0.00035   , 0.00035   , 0.00035   , 0.00035   , 0.        ,
       0.        , 0.        , 0.        , 0.        , 0.00140154,
       0.00035   , 0.00140154, 0.        , 0.00280308, 0.        ,
       0.0648213 , 0.00560617, 0.02838122, 0.01086195, 0.04344779,
       0.01401542, 0.01892081, 0.02452698, 0.04134548, 0.00560617,
       0.00280308, 0.04064471, 0.00875964, 0.0217239 , 0.05080589,
       0.04870357, 0.00210231, 0.033637  , 0.03153469, 0.03924317,
       0.00560617, 0.00735809, 0.00700771, 0.00315347, 0.00385424,
       0.000701  , 0.00035   , 0.000701  , 0.00035   , 0.        ]), array([0.06058588, 0.000266  , 0.04740346, 0.0045273 , 0.        ,
       0.000399  , 0.00652463, 0.00905459, 0.00186418, 0.00186418,
       0.        , 0.000399  , 0.00252996, 0.00505992, 0.01091878,
       0.02423435, 0.00878828, 0.00585885, 0.00585885, 0.00279627,
       0.000266  , 0.000666  , 0.000266  , 0.000266  , 0.00279627,
       0.000266  , 0.00213049, 0.01158455, 0.03062583, 0.03901465,
       0.03062583, 0.00226365, 0.        , 0.0033289 , 0.000266  ,
       0.00266312, 0.00252996, 0.00266312, 0.00519308, 0.        ,
       0.000932  , 0.000266  , 0.        , 0.        , 0.000399  ,
       0.000666  , 0.000399  , 0.000133  , 0.000266  , 0.        ,
       0.0011984 , 0.0023968 , 0.000666  , 0.000399  , 0.000533  ,
       0.000533  , 0.        , 0.000266  , 0.        , 0.        ,
       0.        , 0.        , 0.        , 0.000266  , 0.        ,
       0.04700399, 0.01824234, 0.02929427, 0.03169108, 0.05925433,
       0.02370173, 0.0150466 , 0.01051931, 0.0424767 , 0.        ,
       0.00426099, 0.02183755, 0.01078562, 0.04394141, 0.04766977,
       0.01065246, 0.        , 0.05193076, 0.03462051, 0.06830892,
       0.02729694, 0.00625832, 0.01890812, 0.000533  , 0.00492676,
       0.0045273 , 0.        , 0.        , 0.        , 0.        ]), array([0.03155604, 0.000363  , 0.04062387, 0.        , 0.        ,
       0.        , 0.00290171, 0.00253899, 0.        , 0.        ,
       0.        , 0.        , 0.000725  , 0.00145085, 0.01595938,
       0.04570185, 0.00181357, 0.00108814, 0.00108814, 0.00108814,
       0.000363  , 0.00108814, 0.000725  , 0.000725  , 0.000363  ,
       0.000725  , 0.00108814, 0.00290171, 0.08015959, 0.0221255 ,
       0.08015959, 0.000363  , 0.        , 0.00326442, 0.00108814,
       0.00217628, 0.00145085, 0.00181357, 0.000363  , 0.000725  ,
       0.000363  , 0.000725  , 0.        , 0.        , 0.00145085,
       0.000363  , 0.00145085, 0.00108814, 0.000363  , 0.        ,
       0.00145085, 0.00181357, 0.000725  , 0.        , 0.        ,
       0.000363  , 0.        , 0.        , 0.        , 0.        ,
       0.        , 0.        , 0.        , 0.000725  , 0.        ,
       0.05440696, 0.00725426, 0.01233225, 0.02176279, 0.03772216,
       0.01777294, 0.0137831 , 0.03735945, 0.08741386, 0.000363  ,
       0.00181357, 0.05368154, 0.01051868, 0.02684077, 0.01632209,
       0.0359086 , 0.        , 0.02974247, 0.02321364, 0.02901705,
       0.00616612, 0.01196953, 0.00398984, 0.000363  , 0.00290171,
       0.000363  , 0.        , 0.00870511, 0.        , 0.        ]), array([0.11654299, 0.00174596, 0.06460061, 0.00261894, 0.        ,
       0.00109123, 0.0024007 , 0.00436491, 0.        , 0.        ,
       0.        , 0.00218245, 0.        , 0.01505893, 0.01309472,
       0.02531646, 0.01003928, 0.00611087, 0.0048014 , 0.00130947,
       0.000218  , 0.00152772, 0.00109123, 0.00218245, 0.00196421,
       0.000218  , 0.0024007 , 0.00589262, 0.03120908, 0.03666521,
       0.03120908, 0.00109123, 0.        , 0.00196421, 0.00109123,
       0.00501964, 0.00327368, 0.00392842, 0.00283719, 0.        ,
       0.000873  , 0.000436  , 0.        , 0.        , 0.00152772,
       0.00109123, 0.00196421, 0.000655  , 0.000218  , 0.        ,
       0.00261894, 0.00458315, 0.000218  , 0.00130947, 0.00218245,
       0.000436  , 0.000436  , 0.        , 0.        , 0.        ,
       0.        , 0.        , 0.        , 0.000436  , 0.        ,
       0.03753819, 0.01964208, 0.02138804, 0.02859013, 0.06460061,
       0.01222174, 0.01767787, 0.01680489, 0.04539502, 0.        ,
       0.00632911, 0.0211698 , 0.011567  , 0.02968136, 0.03251855,
       0.01440419, 0.000218  , 0.04343082, 0.02728066, 0.05805325,
       0.01418595, 0.00632911, 0.01265823, 0.00196421, 0.00436491,
       0.00218245, 0.        , 0.        , 0.        , 0.        ])]
Type-2 Error Instance:
[array([3.47910482e-01, 5.13816000e-04, 3.13998630e-02, 8.56360000e-04,
       0.00000000e+00, 0.00000000e+00, 7.13633200e-03, 0.00000000e+00,
       0.00000000e+00, 0.00000000e+00, 0.00000000e+00, 0.00000000e+00,
       0.00000000e+00, 1.06188630e-02, 9.76250300e-03, 1.85544640e-02,
       2.45489800e-03, 9.53414000e-03, 1.09614070e-02, 0.00000000e+00,
       2.79744200e-03, 0.00000000e+00, 2.45489800e-03, 0.00000000e+00,
       2.45489800e-03, 0.00000000e+00, 2.56908000e-03, 2.85453000e-04,
       2.31788080e-02, 2.42635300e-02, 2.31788080e-02, 1.71272000e-03,
       1.14181000e-04, 2.16944500e-03, 0.00000000e+00, 7.99269000e-04,
       1.14181000e-04, 3.42544000e-04, 2.85453000e-04, 3.99635000e-04,
       1.14181000e-04, 0.00000000e+00, 0.00000000e+00, 0.00000000e+00,
       3.99635000e-04, 5.71000000e-05, 0.00000000e+00, 0.00000000e+00,
       2.85453000e-04, 0.00000000e+00, 6.27997000e-04, 5.13816000e-04,
       3.99635000e-04, 5.71000000e-05, 5.70907000e-04, 0.00000000e+00,
       0.00000000e+00, 0.00000000e+00, 0.00000000e+00, 0.00000000e+00,
       0.00000000e+00, 0.00000000e+00, 0.00000000e+00, 1.04475910e-02,
       0.00000000e+00, 4.09340030e-02, 4.28179900e-03, 1.87828270e-02,
       1.42155740e-02, 3.37976710e-02, 6.39415400e-03, 6.45124500e-03,
       1.46152090e-02, 2.34071710e-02, 0.00000000e+00, 2.16944500e-03,
       4.25325420e-02, 1.27883080e-02, 1.71271980e-02, 2.32358990e-02,
       1.70130170e-02, 2.28363000e-04, 1.74697420e-02, 3.49965750e-02,
       3.04864120e-02, 1.02192280e-02, 5.65197500e-03, 2.45489800e-03,
       1.25599500e-03, 3.02580500e-03, 5.71000000e-05, 0.00000000e+00,
       0.00000000e+00, 0.00000000e+00, 0.00000000e+00]), array([1.30610973e-01, 5.20000000e-04, 3.28345800e-02, 1.04000000e-04,
       0.00000000e+00, 1.14297600e-03, 1.04000000e-04, 0.00000000e+00,
       3.12000000e-04, 3.12000000e-04, 0.00000000e+00, 1.04000000e-04,
       0.00000000e+00, 3.63674100e-03, 1.80798000e-02, 4.94596840e-02,
       1.50665000e-02, 2.09891940e-02, 1.35078970e-02, 8.72818000e-03,
       2.59767200e-03, 2.80548600e-03, 2.49376600e-03, 4.15627600e-03,
       7.06566900e-03, 1.14297600e-03, 5.19534500e-03, 2.08000000e-04,
       2.79509560e-02, 1.66251040e-02, 2.79509560e-02, 1.04000000e-04,
       0.00000000e+00, 2.08000000e-04, 8.31000000e-04, 1.04000000e-04,
       3.12000000e-04, 8.31000000e-04, 2.08000000e-04, 1.04000000e-04,
       0.00000000e+00, 3.12000000e-04, 0.00000000e+00, 0.00000000e+00,
       0.00000000e+00, 3.12000000e-04, 4.16000000e-04, 1.04000000e-04,
       3.12000000e-04, 0.00000000e+00, 0.00000000e+00, 1.04000000e-04,
       4.16000000e-04, 0.00000000e+00, 0.00000000e+00, 0.00000000e+00,
       0.00000000e+00, 0.00000000e+00, 0.00000000e+00, 1.04000000e-04,
       0.00000000e+00, 1.04000000e-04, 0.00000000e+00, 2.18204500e-03,
       0.00000000e+00, 2.20282630e-02, 4.77971700e-03, 1.43391520e-02,
       1.15336660e-02, 2.75353280e-02, 1.01828760e-02, 4.26018300e-03,
       2.09891940e-02, 2.51454700e-02, 1.35079000e-03, 1.24688300e-03,
       2.89900250e-02, 1.14297590e-02, 1.17414800e-02, 2.20282630e-02,
       1.09102240e-02, 3.12000000e-04, 9.45552800e-03, 1.78719870e-02,
       3.81338320e-02, 4.88362400e-03, 4.46799700e-03, 1.95344970e-02,
       7.27000000e-04, 7.27000000e-04, 2.08000000e-04, 0.00000000e+00,
       2.08000000e-04, 0.00000000e+00, 0.00000000e+00]), array([0.10371537, 0.000788  , 0.03597217, 0.000131  , 0.        ,
       0.        , 0.00118157, 0.00210056, 0.00328213, 0.00328213,
       0.        , 0.        , 0.00275699, 0.0204805 , 0.0124721 ,
       0.0303269 , 0.00617041, 0.00183799, 0.00525141, 0.000394  ,
       0.00144414, 0.000131  , 0.00262571, 0.        , 0.00288828,
       0.00262571, 0.00380727, 0.0044637 , 0.01759223, 0.01943022,
       0.01759223, 0.        , 0.        , 0.00866483, 0.00682683,
       0.00879611, 0.00512013, 0.00315085, 0.00262571, 0.00682683,
       0.000788  , 0.0035447 , 0.        , 0.00105028, 0.00643298,
       0.000656  , 0.00945254, 0.00945254, 0.        , 0.        ,
       0.00630169, 0.000788  , 0.0053827 , 0.00761455, 0.        ,
       0.000525  , 0.        , 0.00315085, 0.        , 0.000919  ,
       0.        , 0.000919  , 0.        , 0.00144414, 0.        ,
       0.04109229, 0.01129053, 0.02809505, 0.02100564, 0.04713142,
       0.01391624, 0.0213995 , 0.02034922, 0.03859787, 0.00485756,
       0.00315085, 0.03111461, 0.01759223, 0.02993304, 0.03662859,
       0.02546935, 0.000656  , 0.02284364, 0.03899173, 0.05461468,
       0.01851122, 0.00590784, 0.01877379, 0.00236314, 0.00498884,
       0.000263  , 0.000656  , 0.        , 0.000656  , 0.        ]), array([1.6815929e-01, 1.3911830e-03, 3.2171116e-02, 1.9998260e-03,
       2.0867750e-03, 0.0000000e+00, 3.4779600e-04, 7.3037130e-03,
       6.2603250e-03, 6.2603250e-03, 3.4779600e-04, 1.6520300e-03,
       1.5650810e-03, 1.6433354e-02, 1.8694027e-02, 2.9562647e-02,
       5.8255800e-03, 1.0607773e-02, 1.5737762e-02, 4.3474500e-04,
       3.7388050e-03, 8.6900000e-05, 3.3910090e-03, 2.0867750e-03,
       3.6518560e-03, 6.0864300e-04, 4.8691420e-03, 3.6518560e-03,
       1.6085558e-02, 1.9911312e-02, 1.6085558e-02, 1.3911830e-03,
       0.0000000e+00, 5.2169400e-04, 1.0433880e-03, 1.7389790e-03,
       2.6084700e-04, 9.5643900e-04, 7.8254100e-04, 1.7389800e-04,
       6.0864300e-04, 3.4779600e-04, 1.7389800e-04, 0.0000000e+00,
       6.9559200e-04, 4.3474500e-04, 8.6900000e-05, 1.7389800e-04,
       9.5643900e-04, 8.6900000e-05, 6.0864300e-04, 1.9998260e-03,
       7.8254100e-04, 1.7389800e-04, 1.3911830e-03, 1.7389800e-04,
       0.0000000e+00, 2.6084700e-04, 0.0000000e+00, 4.3474500e-04,
       4.3474500e-04, 4.3474500e-04, 0.0000000e+00, 5.3908360e-03,
       0.0000000e+00, 3.9300930e-02, 1.0173028e-02, 3.4344840e-02,
       1.9128771e-02, 5.5038692e-02, 6.9559170e-03, 9.3035390e-03,
       1.7650639e-02, 3.3910095e-02, 4.6952440e-03, 3.9996520e-03,
       3.2953656e-02, 1.3911834e-02, 2.9562647e-02, 2.8345361e-02,
       2.3041475e-02, 1.5650810e-03, 3.0345187e-02, 4.5561256e-02,
       4.9126163e-02, 1.2607599e-02, 9.1296410e-03, 4.6952440e-03,
       2.5215200e-03, 8.9557430e-03, 1.7389800e-04, 1.5650810e-03,
       1.7389800e-04, 1.5650810e-03, 0.0000000e+00])]
Common Instance for Type-1 Error
{68, 37, 39, 71, 104, 77, 14, 110, 49, 50, 86, 62, 92, 30}
Common Instance for Type-2 Error
set()