KNN
Confusion Matrix:
 [[25  8]
 [25 61]]

Type-1 Error Instance:
[array([1.61293103e-01, 3.44827600e-03, 2.94827590e-02, 1.98275900e-03,
       2.59000000e-04, 6.03000000e-04, 7.76000000e-04, 1.72413800e-03,
       1.63793100e-03, 1.63793100e-03, 8.62000000e-05, 0.00000000e+00,
       2.24137900e-03, 2.52586210e-02, 5.94827600e-03, 2.72413790e-02,
       7.50000000e-03, 6.72413800e-03, 7.84482800e-03, 3.79310300e-03,
       1.72413800e-03, 1.46551700e-03, 1.81034500e-03, 8.62000000e-04,
       1.37931000e-03, 1.12069000e-03, 1.14655170e-02, 8.87931000e-03,
       2.52586210e-02, 1.60344830e-02, 2.52586210e-02, 2.59000000e-04,
       0.00000000e+00, 1.63793100e-03, 1.55172400e-03, 3.45000000e-04,
       2.59000000e-04, 8.62000000e-04, 7.76000000e-04, 1.03448300e-03,
       1.63793100e-03, 0.00000000e+00, 1.72000000e-04, 8.62000000e-05,
       2.59000000e-04, 2.59000000e-04, 3.45000000e-04, 3.45000000e-04,
       1.46551700e-03, 8.62000000e-05, 1.55172400e-03, 5.17000000e-04,
       6.90000000e-04, 2.59000000e-04, 0.00000000e+00, 4.31000000e-04,
       8.62000000e-05, 0.00000000e+00, 0.00000000e+00, 1.72000000e-04,
       0.00000000e+00, 1.72000000e-04, 0.00000000e+00, 2.32758600e-03,
       0.00000000e+00, 4.38793100e-02, 1.05172410e-02, 2.35344830e-02,
       2.90517240e-02, 5.49137930e-02, 7.93103400e-03, 1.84482760e-02,
       1.58620690e-02, 4.22413790e-02, 8.62000000e-04, 4.82758600e-03,
       2.75000000e-02, 1.31034480e-02, 3.53448280e-02, 3.71551720e-02,
       2.79310340e-02, 2.59000000e-04, 4.06896550e-02, 3.68103450e-02,
       4.44827590e-02, 1.19827590e-02, 1.27586210e-02, 1.18965520e-02,
       9.13793100e-03, 5.94827600e-03, 2.32758600e-03, 3.45000000e-04,
       0.00000000e+00, 3.45000000e-04, 0.00000000e+00]), array([0.10349482, 0.0003    , 0.0179991 , 0.00164992, 0.        ,
       0.        , 0.00179991, 0.        , 0.0006    , 0.0006    ,
       0.        , 0.        , 0.00389981, 0.00689966, 0.00914954,
       0.01304935, 0.00239988, 0.0059997 , 0.00374981, 0.00269987,
       0.00134993, 0.00119994, 0.00075   , 0.00075   , 0.0019499 ,
       0.0006    , 0.0019499 , 0.00179991, 0.01379931, 0.00899955,
       0.01379931, 0.00015   , 0.        , 0.00045   , 0.00149993,
       0.00359982, 0.00045   , 0.        , 0.0006    , 0.00015   ,
       0.        , 0.00015   , 0.00045   , 0.0020999 , 0.        ,
       0.0003    , 0.00045   , 0.00104995, 0.00299985, 0.        ,
       0.00015   , 0.0009    , 0.00119994, 0.        , 0.        ,
       0.0009    , 0.        , 0.        , 0.00134993, 0.0003    ,
       0.        , 0.0003    , 0.        , 0.00224989, 0.        ,
       0.06734663, 0.00929953, 0.03029849, 0.02384881, 0.05564722,
       0.00494975, 0.00959952, 0.01184941, 0.05699715, 0.01484926,
       0.01784911, 0.02354882, 0.02069896, 0.03554822, 0.04514774,
       0.02414879, 0.00015   , 0.03329833, 0.03914804, 0.04574771,
       0.01364932, 0.00434978, 0.02954852, 0.00104995, 0.02564872,
       0.02819859, 0.        , 0.        , 0.        , 0.        ]), array([0.06981787, 0.0017346 , 0.02775369, 0.02385082, 0.        ,
       0.        , 0.02862099, 0.        , 0.00130095, 0.00130095,
       0.        , 0.000434  , 0.00780572, 0.01344319, 0.01127493,
       0.02818734, 0.0169124 , 0.03512576, 0.00607112, 0.00477016,
       0.00867303, 0.00867303, 0.00737207, 0.00997398, 0.00607112,
       0.01084128, 0.00346921, 0.02254987, 0.0312229 , 0.02038161,
       0.0312229 , 0.000434  , 0.000867  , 0.00520382, 0.00260191,
       0.0017346 , 0.        , 0.00216826, 0.0017346 , 0.000434  ,
       0.00130095, 0.00260191, 0.00130095, 0.00130095, 0.0017346 ,
       0.00303556, 0.00130095, 0.0017346 , 0.000434  , 0.        ,
       0.00303556, 0.00433651, 0.00390286, 0.00346921, 0.000434  ,
       0.000434  , 0.        , 0.000867  , 0.        , 0.        ,
       0.        , 0.        , 0.        , 0.00390286, 0.        ,
       0.0481353 , 0.00997398, 0.0160451 , 0.02645273, 0.04249783,
       0.01821336, 0.01734605, 0.02341717, 0.04119688, 0.00130095,
       0.01040763, 0.02558543, 0.01170859, 0.03165655, 0.02558543,
       0.01908066, 0.000434  , 0.02818734, 0.02775369, 0.03729402,
       0.00954033, 0.01084128, 0.00607112, 0.0017346 , 0.00477016,
       0.000434  , 0.        , 0.        , 0.        , 0.        ]), array([2.1892852e-02, 8.9500000e-04, 1.6550872e-02, 6.1800000e-05,
       0.0000000e+00, 2.4208739e-02, 9.6032110e-03, 6.6079980e-03,
       4.3847460e-03, 4.3847460e-03, 0.0000000e+00, 1.8500000e-04,
       1.3277750e-03, 1.8835880e-03, 3.3039990e-03, 5.5581290e-03,
       1.9515208e-02, 7.7196230e-03, 3.4707426e-02, 1.4790798e-02,
       9.3870620e-03, 7.3799600e-03, 4.7861660e-03, 5.9595490e-03,
       9.6958470e-03, 9.0473980e-03, 1.5130460e-03, 5.5890070e-03,
       4.4156250e-03, 1.8805002e-02, 4.4156250e-03, 8.6500000e-04,
       0.0000000e+00, 4.0759610e-03, 1.4327621e-02, 6.9476610e-03,
       1.2907210e-02, 6.7932680e-03, 1.8866759e-02, 7.7813800e-03,
       1.1301528e-02, 8.0284080e-03, 1.1085379e-02, 1.4080593e-02,
       6.5462410e-03, 1.4018836e-02, 7.2564460e-03, 8.6459780e-03,
       1.1455921e-02, 7.5961090e-03, 1.1147136e-02, 6.3918480e-03,
       6.9476610e-03, 8.4607070e-03, 6.1756990e-03, 6.8859040e-03,
       8.9856420e-03, 9.8811180e-03, 7.0402960e-03, 3.0900000e-05,
       3.4000000e-04, 3.0900000e-05, 0.0000000e+00, 3.1187280e-03,
       0.0000000e+00, 2.2911842e-02, 1.0498688e-02, 2.4888065e-02,
       2.2911842e-02, 3.2298904e-02, 1.4543770e-02, 1.6149452e-02,
       1.2104369e-02, 2.5999691e-02, 8.0284080e-03, 1.7693377e-02,
       1.3061603e-02, 1.5130462e-02, 2.4949822e-02, 2.4671916e-02,
       2.2664814e-02, 9.0782770e-03, 2.4270496e-02, 2.8377335e-02,
       3.6591014e-02, 2.3683804e-02, 1.0776594e-02, 1.0900108e-02,
       7.3182030e-03, 1.3432145e-02, 1.1641192e-02, 4.0100000e-04,
       6.1800000e-05, 4.0100000e-04, 0.0000000e+00])]
Type-2 Error Instance:
[array([0.05735398, 0.000704  , 0.04081633, 0.000176  , 0.        ,
       0.000528  , 0.000352  , 0.000176  , 0.000352  , 0.000352  ,
       0.        , 0.        , 0.00158339, 0.01688951, 0.01600985,
       0.04187192, 0.00211119, 0.00387051, 0.00404645, 0.00211119,
       0.00193526, 0.00123153, 0.0010556 , 0.000352  , 0.00158339,
       0.00088   , 0.00422238, 0.00228712, 0.04697396, 0.0205841 ,
       0.04697396, 0.00351865, 0.000352  , 0.000704  , 0.00158339,
       0.00387051, 0.00123153, 0.00211119, 0.000704  , 0.00088   ,
       0.0010556 , 0.00123153, 0.        , 0.        , 0.0010556 ,
       0.00263899, 0.00158339, 0.00158339, 0.00316678, 0.        ,
       0.00193526, 0.00228712, 0.00527797, 0.00088   , 0.00088   ,
       0.000704  , 0.000352  , 0.        , 0.        , 0.        ,
       0.        , 0.        , 0.        , 0.00281492, 0.        ,
       0.06245602, 0.0135468 , 0.02322308, 0.03377903, 0.06228008,
       0.00932442, 0.00967628, 0.02199155, 0.04451091, 0.00369458,
       0.00422238, 0.03800141, 0.01389866, 0.03114004, 0.03026038,
       0.02181562, 0.        , 0.03659395, 0.03940887, 0.06315975,
       0.01213934, 0.00932442, 0.01266714, 0.00510204, 0.0070373 ,
       0.000176  , 0.        , 0.        , 0.        , 0.        ]), array([0.06370352, 0.00121109, 0.02833959, 0.000484  , 0.        ,
       0.000121  , 0.00702434, 0.00581325, 0.00278552, 0.00278552,
       0.000484  , 0.        , 0.00460216, 0.01792419, 0.00884098,
       0.03596948, 0.00363328, 0.00532881, 0.0064188 , 0.00460216,
       0.00339106, 0.00181664, 0.00145331, 0.00266441, 0.00121109,
       0.00108998, 0.00581325, 0.007751  , 0.0362117 , 0.01695531,
       0.0362117 , 0.00108998, 0.        , 0.00375439, 0.000606  ,
       0.000727  , 0.000848  , 0.00145331, 0.00290662, 0.000363  ,
       0.000484  , 0.000606  , 0.00157442, 0.0013322 , 0.00375439,
       0.0025433 , 0.0013322 , 0.00423883, 0.000969  , 0.        ,
       0.000727  , 0.00230108, 0.00339106, 0.000242  , 0.00108998,
       0.000606  , 0.000121  , 0.        , 0.        , 0.000242  ,
       0.        , 0.000242  , 0.        , 0.00108998, 0.        ,
       0.05122926, 0.01053651, 0.02494853, 0.02918736, 0.06273465,
       0.01102095, 0.00896209, 0.01974083, 0.04214606, 0.00787211,
       0.00702434, 0.03185176, 0.02143636, 0.02410076, 0.03221509,
       0.02228412, 0.00181664, 0.02918736, 0.0323362 , 0.06624682,
       0.01610755, 0.01259537, 0.01368536, 0.00326995, 0.00557103,
       0.00205886, 0.000363  , 0.        , 0.000363  , 0.        ]), array([2.22637591e-01, 2.08000000e-04, 5.39979230e-02, 2.69989600e-03,
       0.00000000e+00, 1.24610600e-03, 1.03842200e-03, 0.00000000e+00,
       0.00000000e+00, 0.00000000e+00, 0.00000000e+00, 0.00000000e+00,
       4.15000000e-04, 1.72377990e-02, 3.11526500e-03, 1.51609550e-02,
       9.34579400e-03, 1.24610590e-02, 1.45379000e-03, 6.43821400e-03,
       1.66147500e-03, 1.24610600e-03, 6.23000000e-04, 2.28452800e-03,
       2.69989600e-03, 1.45379000e-03, 1.18380060e-02, 6.43821400e-03,
       2.69989620e-02, 2.69989620e-02, 2.69989620e-02, 0.00000000e+00,
       0.00000000e+00, 2.90758000e-03, 8.31000000e-04, 1.45379000e-03,
       0.00000000e+00, 1.45379000e-03, 2.49221200e-03, 0.00000000e+00,
       6.23000000e-04, 1.66147500e-03, 0.00000000e+00, 2.08000000e-04,
       4.15000000e-04, 1.45379000e-03, 1.66147500e-03, 1.24610600e-03,
       2.08000000e-04, 0.00000000e+00, 6.23000000e-04, 4.15000000e-04,
       3.53063300e-03, 0.00000000e+00, 4.15000000e-04, 2.08000000e-04,
       0.00000000e+00, 0.00000000e+00, 0.00000000e+00, 0.00000000e+00,
       0.00000000e+00, 0.00000000e+00, 0.00000000e+00, 1.03842200e-03,
       0.00000000e+00, 2.42990650e-02, 1.72377990e-02, 1.51609550e-02,
       3.61370720e-02, 4.56905500e-02, 1.05919000e-02, 1.86915890e-02,
       2.01453790e-02, 3.73831780e-02, 1.03842200e-03, 2.08000000e-04,
       2.84527520e-02, 1.64070610e-02, 1.82762200e-02, 4.00830740e-02,
       1.57840080e-02, 2.08000000e-04, 3.63447560e-02, 3.36448600e-02,
       5.77362410e-02, 3.11526500e-03, 4.15000000e-04, 9.34579400e-03,
       2.49221200e-03, 1.30841120e-02, 1.45379000e-03, 0.00000000e+00,
       0.00000000e+00, 0.00000000e+00, 0.00000000e+00]), array([5.6024270e-02, 8.9569500e-04, 4.5247038e-02, 1.1268420e-03,
       2.8900000e-05, 3.1782700e-04, 3.0915920e-03, 6.0676100e-04,
       1.3868820e-03, 1.3868820e-03, 0.0000000e+00, 3.7561400e-04,
       1.3868820e-03, 1.8405085e-02, 1.4273331e-02, 2.9673505e-02,
       3.4094190e-03, 2.8604450e-03, 3.2938460e-03, 3.3516320e-03,
       1.9936430e-03, 1.0690550e-03, 1.4735630e-03, 3.7561400e-04,
       2.3114700e-04, 6.0676100e-04, 1.9647500e-03, 3.0626990e-03,
       4.0364057e-02, 2.2594626e-02, 4.0364057e-02, 1.4446700e-04,
       0.0000000e+00, 1.8491770e-03, 1.0979490e-03, 1.7336030e-03,
       1.5602430e-03, 1.0112680e-03, 1.1557350e-03, 1.6758160e-03,
       5.7786800e-04, 1.0979490e-03, 6.3565400e-04, 6.0676100e-04,
       9.8237500e-04, 1.3002020e-03, 1.1846290e-03, 7.8012100e-04,
       1.1846290e-03, 1.7336000e-04, 9.8237500e-04, 1.9358570e-03,
       1.5024560e-03, 9.8237500e-04, 6.6454800e-04, 4.6229400e-04,
       3.7561400e-04, 4.3340100e-04, 9.8237500e-04, 1.4446700e-04,
       0.0000000e+00, 1.4446700e-04, 0.0000000e+00, 9.5348200e-04,
       0.0000000e+00, 5.4608495e-02, 1.1730714e-02, 2.8171049e-02,
       2.5195030e-02, 6.0271598e-02, 1.8896273e-02, 1.1095059e-02,
       2.5252817e-02, 4.9956660e-02, 1.1268420e-03, 2.7737650e-03,
       4.1404218e-02, 2.0947703e-02, 3.4123086e-02, 3.9352788e-02,
       2.0080901e-02, 9.2458800e-04, 4.4091303e-02, 4.4669171e-02,
       5.6457671e-02, 1.9676394e-02, 8.5235480e-03, 9.3614560e-03,
       3.8139270e-03, 9.1014160e-03, 7.5122800e-04, 8.6700000e-05,
       1.4446700e-04, 8.6700000e-05, 0.0000000e+00])]SVM with linear kernel
Confusion Matrix:
 [[ 0 33]
 [ 0 86]]

Type-1 Error Instance:
[array([0.06067476, 0.000267  , 0.047473  , 0.00453394, 0.        ,
       0.0004    , 0.00653421, 0.00906788, 0.00186692, 0.00186692,
       0.        , 0.0004    , 0.00253367, 0.00506734, 0.01093479,
       0.0242699 , 0.00893453, 0.00560075, 0.0057341 , 0.00120016,
       0.0008    , 0.000667  , 0.00213362, 0.000267  , 0.00293372,
       0.000133  , 0.00213362, 0.01160155, 0.03067076, 0.03907188,
       0.03067076, 0.00226697, 0.        , 0.00133351, 0.00226697,
       0.00266702, 0.00253367, 0.00266702, 0.00520069, 0.        ,
       0.000933  , 0.000267  , 0.        , 0.        , 0.0004    ,
       0.000667  , 0.0004    , 0.000133  , 0.000267  , 0.        ,
       0.00120016, 0.00240032, 0.000667  , 0.0004    , 0.000533  ,
       0.000533  , 0.        , 0.000267  , 0.        , 0.        ,
       0.        , 0.        , 0.        , 0.000267  , 0.        ,
       0.05107348, 0.0182691 , 0.02933725, 0.03173757, 0.05934125,
       0.0237365 , 0.01306841, 0.01253501, 0.04053874, 0.        ,
       0.00426724, 0.01786905, 0.01280171, 0.0420056 , 0.0477397 ,
       0.01066809, 0.        , 0.05200693, 0.03667156, 0.06840912,
       0.02533671, 0.0062675 , 0.01893586, 0.000533  , 0.00493399,
       0.00453394, 0.        , 0.        , 0.        , 0.        ]), array([6.19292374e-01, 7.17000000e-04, 1.38656470e-02, 0.00000000e+00,
       0.00000000e+00, 0.00000000e+00, 2.62969200e-03, 0.00000000e+00,
       4.78000000e-04, 4.78000000e-04, 0.00000000e+00, 0.00000000e+00,
       3.59000000e-04, 5.61797800e-03, 6.33516600e-03, 1.91250300e-02,
       3.10781700e-03, 9.56000000e-04, 1.79297200e-03, 1.79297200e-03,
       7.17000000e-04, 1.20000000e-04, 4.78000000e-04, 7.17000000e-04,
       0.00000000e+00, 0.00000000e+00, 2.39062900e-03, 1.20000000e-04,
       1.37461150e-02, 1.09968920e-02, 1.37461150e-02, 8.37000000e-04,
       0.00000000e+00, 4.78000000e-04, 7.17000000e-04, 1.91250300e-03,
       4.78000000e-04, 1.67344000e-03, 4.78000000e-04, 3.59000000e-04,
       4.78000000e-04, 8.37000000e-04, 1.07578300e-03, 0.00000000e+00,
       4.78000000e-04, 3.59000000e-04, 2.51016000e-03, 1.91250300e-03,
       8.37000000e-04, 0.00000000e+00, 1.07578300e-03, 1.43437700e-03,
       8.37000000e-04, 9.56000000e-04, 0.00000000e+00, 2.39000000e-04,
       0.00000000e+00, 0.00000000e+00, 0.00000000e+00, 0.00000000e+00,
       0.00000000e+00, 0.00000000e+00, 0.00000000e+00, 1.67344000e-03,
       0.00000000e+00, 2.54601960e-02, 7.05235500e-03, 1.19531440e-02,
       7.65001200e-03, 2.46234760e-02, 5.49844600e-03, 1.02797040e-02,
       1.00406410e-02, 1.76906530e-02, 9.56000000e-04, 2.98828600e-03,
       1.44633040e-02, 4.30313200e-03, 1.70929950e-02, 1.35070520e-02,
       8.96485800e-03, 0.00000000e+00, 1.70929950e-02, 1.48218980e-02,
       2.10375330e-02, 7.88907500e-03, 1.67344000e-03, 7.76954300e-03,
       9.56000000e-04, 1.19531400e-03, 2.39000000e-04, 0.00000000e+00,
       0.00000000e+00, 0.00000000e+00, 0.00000000e+00]), array([4.7278056e-02, 7.4600000e-04, 1.7943543e-02, 6.3600000e-04,
       1.6600000e-04, 0.0000000e+00, 1.3271030e-03, 7.2990680e-03,
       2.1841910e-03, 2.1841910e-03, 0.0000000e+00, 4.9800000e-04,
       1.7694710e-03, 3.2762863e-02, 2.1150709e-02, 3.4947054e-02,
       6.5249250e-03, 5.1978210e-03, 4.2301420e-03, 3.5665900e-03,
       1.2165110e-03, 1.5482870e-03, 5.5300000e-04, 1.0782710e-03,
       3.8700000e-04, 4.1500000e-04, 5.9719650e-03, 3.8430700e-03,
       3.3896431e-02, 2.1482485e-02, 3.3924079e-02, 1.6600000e-04,
       0.0000000e+00, 2.4053750e-03, 1.5206390e-03, 6.9100000e-04,
       9.4000000e-04, 1.3547510e-03, 6.0800000e-04, 3.0400000e-04,
       5.2500000e-04, 1.5759350e-03, 3.3200000e-04, 1.5482870e-03,
       6.6400000e-04, 2.5436150e-03, 3.3200000e-04, 2.4900000e-04,
       4.4789740e-03, 5.5300000e-05, 7.1900000e-04, 2.5989110e-03,
       1.4929910e-03, 1.2441590e-03, 5.5300000e-05, 5.5300000e-05,
       0.0000000e+00, 8.2900000e-05, 5.5300000e-05, 1.1100000e-04,
       0.0000000e+00, 1.1100000e-04, 0.0000000e+00, 4.1748460e-03,
       0.0000000e+00, 5.5876579e-02, 9.9532750e-03, 1.5952888e-02,
       2.7979762e-02, 5.0595814e-02, 4.4513260e-03, 1.9574774e-02,
       1.3713401e-02, 4.0476651e-02, 3.1795180e-03, 8.2943960e-03,
       2.8090354e-02, 2.4219636e-02, 4.7056872e-02, 3.7158893e-02,
       3.7131245e-02, 1.0229750e-03, 2.7620338e-02, 3.5195886e-02,
       5.6042467e-02, 2.4302580e-02, 8.2114520e-03, 1.7418231e-02,
       1.4653430e-03, 8.3220440e-03, 6.0800000e-04, 4.1500000e-04,
       0.0000000e+00, 4.1500000e-04, 0.0000000e+00]), array([2.30559026e-01, 1.95190500e-03, 3.26358530e-02, 0.00000000e+00,
       0.00000000e+00, 2.10805700e-03, 5.47000000e-04, 3.12000000e-04,
       7.81000000e-05, 7.81000000e-05, 0.00000000e+00, 0.00000000e+00,
       8.59000000e-04, 8.19800100e-03, 7.33916300e-03, 2.02998130e-02,
       6.55840100e-03, 7.02685800e-03, 4.76264800e-03, 4.05996300e-03,
       3.51342900e-03, 1.24921900e-03, 7.03000000e-04, 2.02998100e-03,
       1.09306700e-03, 1.63960000e-03, 4.68000000e-04, 3.90000000e-04,
       2.44378510e-02, 1.67863840e-02, 2.44378510e-02, 2.34000000e-04,
       0.00000000e+00, 7.03000000e-04, 3.12000000e-04, 6.25000000e-04,
       2.34000000e-04, 1.24921900e-03, 7.03000000e-04, 1.56000000e-04,
       0.00000000e+00, 3.12000000e-04, 0.00000000e+00, 0.00000000e+00,
       0.00000000e+00, 1.09306700e-03, 7.81000000e-05, 9.37000000e-04,
       1.24921900e-03, 2.34000000e-04, 1.56000000e-04, 5.47000000e-04,
       6.25000000e-04, 7.81000000e-05, 0.00000000e+00, 7.03000000e-04,
       0.00000000e+00, 1.56000000e-04, 0.00000000e+00, 7.81000000e-05,
       0.00000000e+00, 7.81000000e-05, 0.00000000e+00, 9.21299200e-03,
       0.00000000e+00, 3.01374140e-02, 6.08994400e-03, 1.00718300e-02,
       1.39756400e-02, 3.63835100e-02, 9.68144900e-03, 1.51467830e-02,
       1.95190510e-02, 2.38913180e-02, 3.27920000e-03, 1.40537200e-03,
       2.14709560e-02, 1.14772020e-02, 1.32729540e-02, 1.66302310e-02,
       1.22579640e-02, 7.81000000e-04, 1.93628980e-02, 2.24078700e-02,
       2.93566520e-02, 1.14772020e-02, 6.16802000e-03, 5.30918200e-03,
       2.73266700e-03, 2.88881900e-03, 7.81000000e-05, 0.00000000e+00,
       0.00000000e+00, 0.00000000e+00, 0.00000000e+00])]
Type-2 Error Instance:
[]SVM with RBF kernel
Confusion Matrix:
 [[ 4 29]
 [ 4 82]]

Type-1 Error Instance:
[array([0.06067476, 0.000267  , 0.047473  , 0.00453394, 0.        ,
       0.0004    , 0.00653421, 0.00906788, 0.00186692, 0.00186692,
       0.        , 0.0004    , 0.00253367, 0.00506734, 0.01093479,
       0.0242699 , 0.00893453, 0.00560075, 0.0057341 , 0.00120016,
       0.0008    , 0.000667  , 0.00213362, 0.000267  , 0.00293372,
       0.000133  , 0.00213362, 0.01160155, 0.03067076, 0.03907188,
       0.03067076, 0.00226697, 0.        , 0.00133351, 0.00226697,
       0.00266702, 0.00253367, 0.00266702, 0.00520069, 0.        ,
       0.000933  , 0.000267  , 0.        , 0.        , 0.0004    ,
       0.000667  , 0.0004    , 0.000133  , 0.000267  , 0.        ,
       0.00120016, 0.00240032, 0.000667  , 0.0004    , 0.000533  ,
       0.000533  , 0.        , 0.000267  , 0.        , 0.        ,
       0.        , 0.        , 0.        , 0.000267  , 0.        ,
       0.05107348, 0.0182691 , 0.02933725, 0.03173757, 0.05934125,
       0.0237365 , 0.01306841, 0.01253501, 0.04053874, 0.        ,
       0.00426724, 0.01786905, 0.01280171, 0.0420056 , 0.0477397 ,
       0.01066809, 0.        , 0.05200693, 0.03667156, 0.06840912,
       0.02533671, 0.0062675 , 0.01893586, 0.000533  , 0.00493399,
       0.00453394, 0.        , 0.        , 0.        , 0.        ]), array([4.7278056e-02, 7.4600000e-04, 1.7943543e-02, 6.3600000e-04,
       1.6600000e-04, 0.0000000e+00, 1.3271030e-03, 7.2990680e-03,
       2.1841910e-03, 2.1841910e-03, 0.0000000e+00, 4.9800000e-04,
       1.7694710e-03, 3.2762863e-02, 2.1150709e-02, 3.4947054e-02,
       6.5249250e-03, 5.1978210e-03, 4.2301420e-03, 3.5665900e-03,
       1.2165110e-03, 1.5482870e-03, 5.5300000e-04, 1.0782710e-03,
       3.8700000e-04, 4.1500000e-04, 5.9719650e-03, 3.8430700e-03,
       3.3896431e-02, 2.1482485e-02, 3.3924079e-02, 1.6600000e-04,
       0.0000000e+00, 2.4053750e-03, 1.5206390e-03, 6.9100000e-04,
       9.4000000e-04, 1.3547510e-03, 6.0800000e-04, 3.0400000e-04,
       5.2500000e-04, 1.5759350e-03, 3.3200000e-04, 1.5482870e-03,
       6.6400000e-04, 2.5436150e-03, 3.3200000e-04, 2.4900000e-04,
       4.4789740e-03, 5.5300000e-05, 7.1900000e-04, 2.5989110e-03,
       1.4929910e-03, 1.2441590e-03, 5.5300000e-05, 5.5300000e-05,
       0.0000000e+00, 8.2900000e-05, 5.5300000e-05, 1.1100000e-04,
       0.0000000e+00, 1.1100000e-04, 0.0000000e+00, 4.1748460e-03,
       0.0000000e+00, 5.5876579e-02, 9.9532750e-03, 1.5952888e-02,
       2.7979762e-02, 5.0595814e-02, 4.4513260e-03, 1.9574774e-02,
       1.3713401e-02, 4.0476651e-02, 3.1795180e-03, 8.2943960e-03,
       2.8090354e-02, 2.4219636e-02, 4.7056872e-02, 3.7158893e-02,
       3.7131245e-02, 1.0229750e-03, 2.7620338e-02, 3.5195886e-02,
       5.6042467e-02, 2.4302580e-02, 8.2114520e-03, 1.7418231e-02,
       1.4653430e-03, 8.3220440e-03, 6.0800000e-04, 4.1500000e-04,
       0.0000000e+00, 4.1500000e-04, 0.0000000e+00]), array([2.30559026e-01, 1.95190500e-03, 3.26358530e-02, 0.00000000e+00,
       0.00000000e+00, 2.10805700e-03, 5.47000000e-04, 3.12000000e-04,
       7.81000000e-05, 7.81000000e-05, 0.00000000e+00, 0.00000000e+00,
       8.59000000e-04, 8.19800100e-03, 7.33916300e-03, 2.02998130e-02,
       6.55840100e-03, 7.02685800e-03, 4.76264800e-03, 4.05996300e-03,
       3.51342900e-03, 1.24921900e-03, 7.03000000e-04, 2.02998100e-03,
       1.09306700e-03, 1.63960000e-03, 4.68000000e-04, 3.90000000e-04,
       2.44378510e-02, 1.67863840e-02, 2.44378510e-02, 2.34000000e-04,
       0.00000000e+00, 7.03000000e-04, 3.12000000e-04, 6.25000000e-04,
       2.34000000e-04, 1.24921900e-03, 7.03000000e-04, 1.56000000e-04,
       0.00000000e+00, 3.12000000e-04, 0.00000000e+00, 0.00000000e+00,
       0.00000000e+00, 1.09306700e-03, 7.81000000e-05, 9.37000000e-04,
       1.24921900e-03, 2.34000000e-04, 1.56000000e-04, 5.47000000e-04,
       6.25000000e-04, 7.81000000e-05, 0.00000000e+00, 7.03000000e-04,
       0.00000000e+00, 1.56000000e-04, 0.00000000e+00, 7.81000000e-05,
       0.00000000e+00, 7.81000000e-05, 0.00000000e+00, 9.21299200e-03,
       0.00000000e+00, 3.01374140e-02, 6.08994400e-03, 1.00718300e-02,
       1.39756400e-02, 3.63835100e-02, 9.68144900e-03, 1.51467830e-02,
       1.95190510e-02, 2.38913180e-02, 3.27920000e-03, 1.40537200e-03,
       2.14709560e-02, 1.14772020e-02, 1.32729540e-02, 1.66302310e-02,
       1.22579640e-02, 7.81000000e-04, 1.93628980e-02, 2.24078700e-02,
       2.93566520e-02, 1.14772020e-02, 6.16802000e-03, 5.30918200e-03,
       2.73266700e-03, 2.88881900e-03, 7.81000000e-05, 0.00000000e+00,
       0.00000000e+00, 0.00000000e+00, 0.00000000e+00]), array([5.3474989e-02, 0.0000000e+00, 3.3076583e-02, 1.7700000e-05,
       0.0000000e+00, 0.0000000e+00, 4.6000000e-04, 5.3100000e-05,
       7.4400000e-04, 7.0800000e-04, 0.0000000e+00, 0.0000000e+00,
       2.1071270e-03, 3.3820270e-03, 9.7211160e-03, 3.1819389e-02,
       1.3776007e-02, 9.8804780e-03, 8.9774240e-03, 5.3120850e-03,
       5.4360340e-03, 4.1434260e-03, 7.9700000e-04, 5.2235500e-03,
       4.0194780e-03, 3.0810090e-03, 3.3289070e-03, 4.6000000e-04,
       3.1235060e-02, 1.8787074e-02, 3.1235060e-02, 2.3019030e-03,
       0.0000000e+00, 1.3457280e-03, 3.0100000e-04, 4.4300000e-04,
       3.8424080e-03, 3.1164230e-03, 1.5936250e-03, 5.1400000e-04,
       3.0101810e-03, 2.7268700e-03, 6.0200000e-04, 9.0300000e-04,
       1.5227980e-03, 1.8061090e-03, 4.7800000e-04, 6.2000000e-04,
       5.0641880e-03, 0.0000000e+00, 2.6600000e-04, 8.8180610e-03,
       1.8946440e-03, 1.2749000e-03, 7.0800000e-05, 1.7700000e-04,
       0.0000000e+00, 1.4200000e-04, 0.0000000e+00, 0.0000000e+00,
       0.0000000e+00, 0.0000000e+00, 0.0000000e+00, 1.1049137e-02,
       0.0000000e+00, 5.4856131e-02, 1.0270031e-02, 1.5493581e-02,
       1.7512174e-02, 4.6215139e-02, 7.7910580e-03, 8.4108010e-03,
       2.0008853e-02, 3.7999115e-02, 3.5590970e-03, 1.2642762e-02,
       3.0579903e-02, 1.5564409e-02, 2.6489597e-02, 2.9251881e-02,
       2.5055334e-02, 1.4200000e-04, 2.3479416e-02, 4.9809650e-02,
       5.0057548e-02, 1.7653829e-02, 1.2908367e-02, 2.6029220e-03,
       5.0464810e-03, 6.4453300e-03, 5.4900000e-04, 0.0000000e+00,
       0.0000000e+00, 0.0000000e+00, 0.0000000e+00])]
Type-2 Error Instance:
[array([3.78942925e-01, 2.53000000e-04, 3.23539340e-02, 5.07000000e-05,
       2.87000000e-04, 1.01000000e-04, 1.31712300e-03, 9.96285000e-03,
       2.81999300e-03, 2.85376600e-03, 8.44000000e-05, 5.91000000e-04,
       7.09000000e-04, 2.21209100e-03, 1.17359000e-02, 1.87774400e-02,
       8.79770300e-03, 9.45626500e-03, 4.13711600e-03, 5.06585600e-03,
       1.78993600e-03, 2.76933500e-03, 1.72239100e-03, 1.16514700e-03,
       1.72239100e-03, 2.29652100e-03, 3.30969300e-03, 6.21411700e-03,
       1.85072610e-02, 2.33873690e-02, 1.84059440e-02, 1.01317100e-03,
       1.69000000e-05, 1.09760200e-03, 1.16514700e-03, 6.59000000e-04,
       1.28335000e-03, 5.40000000e-04, 8.44000000e-05, 1.18000000e-04,
       1.35000000e-04, 8.95000000e-04, 3.38000000e-05, 0.00000000e+00,
       6.75000000e-04, 1.06383000e-03, 6.59000000e-04, 8.44000000e-05,
       2.03000000e-04, 0.00000000e+00, 1.18000000e-04, 7.60000000e-04,
       1.26646400e-03, 7.77000000e-04, 0.00000000e+00, 4.05000000e-04,
       0.00000000e+00, 0.00000000e+00, 0.00000000e+00, 1.36778100e-03,
       0.00000000e+00, 1.36778100e-03, 0.00000000e+00, 1.48767310e-02,
       0.00000000e+00, 3.09692670e-02, 5.96082400e-03, 1.38973320e-02,
       2.40290440e-02, 3.08172910e-02, 9.57446800e-03, 9.13542700e-03,
       1.10773390e-02, 3.21850730e-02, 1.33400900e-03, 3.32657900e-03,
       2.57345490e-02, 7.54812600e-03, 2.16312060e-02, 1.54002030e-02,
       1.29010470e-02, 4.39000000e-04, 1.51469100e-02, 2.35731170e-02,
       2.90273560e-02, 3.95136800e-03, 1.18709900e-02, 6.14657200e-03,
       9.10165500e-03, 8.12225600e-03, 3.71000000e-04, 1.01317100e-03,
       6.75000000e-05, 1.01317100e-03, 0.00000000e+00]), array([3.47910482e-01, 5.13816000e-04, 3.13998630e-02, 8.56360000e-04,
       0.00000000e+00, 0.00000000e+00, 7.13633200e-03, 0.00000000e+00,
       0.00000000e+00, 0.00000000e+00, 0.00000000e+00, 0.00000000e+00,
       0.00000000e+00, 1.06188630e-02, 9.76250300e-03, 1.85544640e-02,
       2.45489800e-03, 9.53414000e-03, 1.09614070e-02, 0.00000000e+00,
       2.79744200e-03, 0.00000000e+00, 2.45489800e-03, 0.00000000e+00,
       2.45489800e-03, 0.00000000e+00, 2.56908000e-03, 2.85453000e-04,
       2.31788080e-02, 2.42635300e-02, 2.31788080e-02, 1.71272000e-03,
       1.14181000e-04, 2.16944500e-03, 0.00000000e+00, 7.99269000e-04,
       1.14181000e-04, 3.42544000e-04, 2.85453000e-04, 3.99635000e-04,
       1.14181000e-04, 0.00000000e+00, 0.00000000e+00, 0.00000000e+00,
       3.99635000e-04, 5.71000000e-05, 0.00000000e+00, 0.00000000e+00,
       2.85453000e-04, 0.00000000e+00, 6.27997000e-04, 5.13816000e-04,
       3.99635000e-04, 5.71000000e-05, 5.70907000e-04, 0.00000000e+00,
       0.00000000e+00, 0.00000000e+00, 0.00000000e+00, 0.00000000e+00,
       0.00000000e+00, 0.00000000e+00, 0.00000000e+00, 1.04475910e-02,
       0.00000000e+00, 4.09340030e-02, 4.28179900e-03, 1.87828270e-02,
       1.42155740e-02, 3.37976710e-02, 6.39415400e-03, 6.45124500e-03,
       1.46152090e-02, 2.34071710e-02, 0.00000000e+00, 2.16944500e-03,
       4.25325420e-02, 1.27883080e-02, 1.71271980e-02, 2.32358990e-02,
       1.70130170e-02, 2.28363000e-04, 1.74697420e-02, 3.49965750e-02,
       3.04864120e-02, 1.02192280e-02, 5.65197500e-03, 2.45489800e-03,
       1.25599500e-03, 3.02580500e-03, 5.71000000e-05, 0.00000000e+00,
       0.00000000e+00, 0.00000000e+00, 0.00000000e+00]), array([3.22030576e-01, 9.80000000e-04, 3.37122700e-02, 1.96001600e-03,
       0.00000000e+00, 1.96000000e-04, 0.00000000e+00, 1.21520970e-02,
       1.76401400e-03, 1.76401400e-03, 0.00000000e+00, 0.00000000e+00,
       1.23480990e-02, 4.11603300e-03, 9.99608000e-03, 2.15601720e-02,
       1.58761270e-02, 7.64406100e-03, 5.29204200e-03, 3.13602500e-03,
       2.94002400e-03, 5.09604100e-03, 1.17600900e-03, 1.56801300e-03,
       1.17600900e-03, 1.17600900e-03, 0.00000000e+00, 0.00000000e+00,
       2.13641710e-02, 2.94002350e-02, 2.13641710e-02, 1.76401400e-03,
       0.00000000e+00, 3.72403000e-03, 2.54802000e-03, 4.11603300e-03,
       4.70403800e-03, 4.70403800e-03, 0.00000000e+00, 4.70403800e-03,
       7.05605600e-03, 7.05605600e-03, 0.00000000e+00, 0.00000000e+00,
       1.96001600e-03, 2.35201900e-03, 0.00000000e+00, 2.35201900e-03,
       0.00000000e+00, 0.00000000e+00, 7.25205800e-03, 2.35201900e-03,
       6.66405300e-03, 0.00000000e+00, 0.00000000e+00, 2.35201900e-03,
       0.00000000e+00, 0.00000000e+00, 0.00000000e+00, 0.00000000e+00,
       0.00000000e+00, 0.00000000e+00, 0.00000000e+00, 1.03880830e-02,
       0.00000000e+00, 2.29321830e-02, 9.99608000e-03, 1.13680910e-02,
       1.35241080e-02, 2.46961980e-02, 4.50803600e-03, 1.27401020e-02,
       1.17600940e-02, 2.35201880e-02, 1.96000000e-04, 2.15601700e-03,
       1.66601330e-02, 1.54841240e-02, 1.43081140e-02, 2.99882400e-02,
       1.74441400e-02, 0.00000000e+00, 1.82281460e-02, 1.80321440e-02,
       2.19521760e-02, 3.92000000e-04, 5.29204200e-03, 7.44806000e-03,
       0.00000000e+00, 2.15601700e-03, 1.76401400e-03, 0.00000000e+00,
       0.00000000e+00, 0.00000000e+00, 0.00000000e+00]), array([3.90093762e-01, 8.26000000e-04, 3.45692380e-02, 6.27000000e-04,
       0.00000000e+00, 2.16592100e-03, 1.31095200e-03, 7.46672700e-03,
       7.69000000e-04, 7.69000000e-04, 1.14000000e-04, 0.00000000e+00,
       6.55000000e-04, 5.61429500e-03, 1.03451220e-02, 2.47370970e-02,
       1.63584030e-02, 7.83721400e-03, 6.52626200e-03, 3.10638700e-03,
       3.61936800e-03, 2.50790800e-03, 2.90689400e-03, 2.39391300e-03,
       1.93792900e-03, 2.25141800e-03, 3.41987500e-03, 3.59086900e-03,
       3.14913510e-02, 2.39676250e-02, 3.14343530e-02, 1.33945100e-03,
       0.00000000e+00, 5.70000000e-05, 2.85000000e-05, 1.08296000e-03,
       3.99000000e-04, 2.85000000e-05, 2.85000000e-05, 0.00000000e+00,
       2.85000000e-05, 0.00000000e+00, 0.00000000e+00, 0.00000000e+00,
       2.85000000e-05, 2.85000000e-05, 2.85000000e-05, 2.85000000e-05,
       0.00000000e+00, 0.00000000e+00, 0.00000000e+00, 1.14000000e-04,
       8.55000000e-05, 8.55000000e-05, 0.00000000e+00, 0.00000000e+00,
       0.00000000e+00, 2.85000000e-05, 0.00000000e+00, 2.85000000e-05,
       0.00000000e+00, 2.85000000e-05, 0.00000000e+00, 5.41480200e-03,
       0.00000000e+00, 2.21721910e-02, 9.14816600e-03, 1.10290970e-02,
       2.92684320e-02, 2.72165070e-02, 5.04431600e-03, 1.78973470e-02,
       1.81823360e-02, 2.44806060e-02, 1.48194600e-03, 1.56744300e-03,
       2.15737130e-02, 7.78021600e-03, 1.47054630e-02, 1.08866030e-02,
       1.62444070e-02, 0.00000000e+00, 2.45376040e-02, 1.21120580e-02,
       4.58548260e-02, 2.65040300e-03, 2.02342600e-03, 6.75425300e-03,
       3.10638700e-03, 3.07788800e-03, 3.13000000e-04, 1.14000000e-04,
       5.70000000e-05, 1.14000000e-04, 0.00000000e+00])]MLP
Confusion Matrix:
 [[19 14]
 [11 75]]

Type-1 Error Instance:
[array([0.06067476, 0.000267  , 0.047473  , 0.00453394, 0.        ,
       0.0004    , 0.00653421, 0.00906788, 0.00186692, 0.00186692,
       0.        , 0.0004    , 0.00253367, 0.00506734, 0.01093479,
       0.0242699 , 0.00893453, 0.00560075, 0.0057341 , 0.00120016,
       0.0008    , 0.000667  , 0.00213362, 0.000267  , 0.00293372,
       0.000133  , 0.00213362, 0.01160155, 0.03067076, 0.03907188,
       0.03067076, 0.00226697, 0.        , 0.00133351, 0.00226697,
       0.00266702, 0.00253367, 0.00266702, 0.00520069, 0.        ,
       0.000933  , 0.000267  , 0.        , 0.        , 0.0004    ,
       0.000667  , 0.0004    , 0.000133  , 0.000267  , 0.        ,
       0.00120016, 0.00240032, 0.000667  , 0.0004    , 0.000533  ,
       0.000533  , 0.        , 0.000267  , 0.        , 0.        ,
       0.        , 0.        , 0.        , 0.000267  , 0.        ,
       0.05107348, 0.0182691 , 0.02933725, 0.03173757, 0.05934125,
       0.0237365 , 0.01306841, 0.01253501, 0.04053874, 0.        ,
       0.00426724, 0.01786905, 0.01280171, 0.0420056 , 0.0477397 ,
       0.01066809, 0.        , 0.05200693, 0.03667156, 0.06840912,
       0.02533671, 0.0062675 , 0.01893586, 0.000533  , 0.00493399,
       0.00453394, 0.        , 0.        , 0.        , 0.        ]), array([4.7278056e-02, 7.4600000e-04, 1.7943543e-02, 6.3600000e-04,
       1.6600000e-04, 0.0000000e+00, 1.3271030e-03, 7.2990680e-03,
       2.1841910e-03, 2.1841910e-03, 0.0000000e+00, 4.9800000e-04,
       1.7694710e-03, 3.2762863e-02, 2.1150709e-02, 3.4947054e-02,
       6.5249250e-03, 5.1978210e-03, 4.2301420e-03, 3.5665900e-03,
       1.2165110e-03, 1.5482870e-03, 5.5300000e-04, 1.0782710e-03,
       3.8700000e-04, 4.1500000e-04, 5.9719650e-03, 3.8430700e-03,
       3.3896431e-02, 2.1482485e-02, 3.3924079e-02, 1.6600000e-04,
       0.0000000e+00, 2.4053750e-03, 1.5206390e-03, 6.9100000e-04,
       9.4000000e-04, 1.3547510e-03, 6.0800000e-04, 3.0400000e-04,
       5.2500000e-04, 1.5759350e-03, 3.3200000e-04, 1.5482870e-03,
       6.6400000e-04, 2.5436150e-03, 3.3200000e-04, 2.4900000e-04,
       4.4789740e-03, 5.5300000e-05, 7.1900000e-04, 2.5989110e-03,
       1.4929910e-03, 1.2441590e-03, 5.5300000e-05, 5.5300000e-05,
       0.0000000e+00, 8.2900000e-05, 5.5300000e-05, 1.1100000e-04,
       0.0000000e+00, 1.1100000e-04, 0.0000000e+00, 4.1748460e-03,
       0.0000000e+00, 5.5876579e-02, 9.9532750e-03, 1.5952888e-02,
       2.7979762e-02, 5.0595814e-02, 4.4513260e-03, 1.9574774e-02,
       1.3713401e-02, 4.0476651e-02, 3.1795180e-03, 8.2943960e-03,
       2.8090354e-02, 2.4219636e-02, 4.7056872e-02, 3.7158893e-02,
       3.7131245e-02, 1.0229750e-03, 2.7620338e-02, 3.5195886e-02,
       5.6042467e-02, 2.4302580e-02, 8.2114520e-03, 1.7418231e-02,
       1.4653430e-03, 8.3220440e-03, 6.0800000e-04, 4.1500000e-04,
       0.0000000e+00, 4.1500000e-04, 0.0000000e+00]), array([2.30559026e-01, 1.95190500e-03, 3.26358530e-02, 0.00000000e+00,
       0.00000000e+00, 2.10805700e-03, 5.47000000e-04, 3.12000000e-04,
       7.81000000e-05, 7.81000000e-05, 0.00000000e+00, 0.00000000e+00,
       8.59000000e-04, 8.19800100e-03, 7.33916300e-03, 2.02998130e-02,
       6.55840100e-03, 7.02685800e-03, 4.76264800e-03, 4.05996300e-03,
       3.51342900e-03, 1.24921900e-03, 7.03000000e-04, 2.02998100e-03,
       1.09306700e-03, 1.63960000e-03, 4.68000000e-04, 3.90000000e-04,
       2.44378510e-02, 1.67863840e-02, 2.44378510e-02, 2.34000000e-04,
       0.00000000e+00, 7.03000000e-04, 3.12000000e-04, 6.25000000e-04,
       2.34000000e-04, 1.24921900e-03, 7.03000000e-04, 1.56000000e-04,
       0.00000000e+00, 3.12000000e-04, 0.00000000e+00, 0.00000000e+00,
       0.00000000e+00, 1.09306700e-03, 7.81000000e-05, 9.37000000e-04,
       1.24921900e-03, 2.34000000e-04, 1.56000000e-04, 5.47000000e-04,
       6.25000000e-04, 7.81000000e-05, 0.00000000e+00, 7.03000000e-04,
       0.00000000e+00, 1.56000000e-04, 0.00000000e+00, 7.81000000e-05,
       0.00000000e+00, 7.81000000e-05, 0.00000000e+00, 9.21299200e-03,
       0.00000000e+00, 3.01374140e-02, 6.08994400e-03, 1.00718300e-02,
       1.39756400e-02, 3.63835100e-02, 9.68144900e-03, 1.51467830e-02,
       1.95190510e-02, 2.38913180e-02, 3.27920000e-03, 1.40537200e-03,
       2.14709560e-02, 1.14772020e-02, 1.32729540e-02, 1.66302310e-02,
       1.22579640e-02, 7.81000000e-04, 1.93628980e-02, 2.24078700e-02,
       2.93566520e-02, 1.14772020e-02, 6.16802000e-03, 5.30918200e-03,
       2.73266700e-03, 2.88881900e-03, 7.81000000e-05, 0.00000000e+00,
       0.00000000e+00, 0.00000000e+00, 0.00000000e+00]), array([5.3474989e-02, 0.0000000e+00, 3.3076583e-02, 1.7700000e-05,
       0.0000000e+00, 0.0000000e+00, 4.6000000e-04, 5.3100000e-05,
       7.4400000e-04, 7.0800000e-04, 0.0000000e+00, 0.0000000e+00,
       2.1071270e-03, 3.3820270e-03, 9.7211160e-03, 3.1819389e-02,
       1.3776007e-02, 9.8804780e-03, 8.9774240e-03, 5.3120850e-03,
       5.4360340e-03, 4.1434260e-03, 7.9700000e-04, 5.2235500e-03,
       4.0194780e-03, 3.0810090e-03, 3.3289070e-03, 4.6000000e-04,
       3.1235060e-02, 1.8787074e-02, 3.1235060e-02, 2.3019030e-03,
       0.0000000e+00, 1.3457280e-03, 3.0100000e-04, 4.4300000e-04,
       3.8424080e-03, 3.1164230e-03, 1.5936250e-03, 5.1400000e-04,
       3.0101810e-03, 2.7268700e-03, 6.0200000e-04, 9.0300000e-04,
       1.5227980e-03, 1.8061090e-03, 4.7800000e-04, 6.2000000e-04,
       5.0641880e-03, 0.0000000e+00, 2.6600000e-04, 8.8180610e-03,
       1.8946440e-03, 1.2749000e-03, 7.0800000e-05, 1.7700000e-04,
       0.0000000e+00, 1.4200000e-04, 0.0000000e+00, 0.0000000e+00,
       0.0000000e+00, 0.0000000e+00, 0.0000000e+00, 1.1049137e-02,
       0.0000000e+00, 5.4856131e-02, 1.0270031e-02, 1.5493581e-02,
       1.7512174e-02, 4.6215139e-02, 7.7910580e-03, 8.4108010e-03,
       2.0008853e-02, 3.7999115e-02, 3.5590970e-03, 1.2642762e-02,
       3.0579903e-02, 1.5564409e-02, 2.6489597e-02, 2.9251881e-02,
       2.5055334e-02, 1.4200000e-04, 2.3479416e-02, 4.9809650e-02,
       5.0057548e-02, 1.7653829e-02, 1.2908367e-02, 2.6029220e-03,
       5.0464810e-03, 6.4453300e-03, 5.4900000e-04, 0.0000000e+00,
       0.0000000e+00, 0.0000000e+00, 0.0000000e+00])]
Type-2 Error Instance:
[array([0.20303264, 0.        , 0.01593421, 0.        , 0.        ,
       0.00102801, 0.00693909, 0.00102801, 0.00231303, 0.00231303,
       0.        , 0.00102801, 0.000257  , 0.00282704, 0.02081727,
       0.05037266, 0.00102801, 0.00205603, 0.00128502, 0.00231303,
       0.00179902, 0.00205603, 0.00359805, 0.00205603, 0.00385505,
       0.000514  , 0.01079414, 0.0079671 , 0.03598047, 0.0151632 ,
       0.03598047, 0.000257  , 0.000257  , 0.00154202, 0.00128502,
       0.00179902, 0.00154202, 0.00257003, 0.000771  , 0.000771  ,
       0.00128502, 0.00102801, 0.000514  , 0.000257  , 0.000514  ,
       0.        , 0.00154202, 0.00102801, 0.00102801, 0.        ,
       0.00154202, 0.00205603, 0.00231303, 0.000771  , 0.00102801,
       0.000514  , 0.        , 0.000514  , 0.000257  , 0.        ,
       0.        , 0.        , 0.        , 0.000771  , 0.        ,
       0.01619121, 0.01439219, 0.04189155, 0.00616808, 0.02852737,
       0.000771  , 0.00719609, 0.02107427, 0.04214855, 0.00616808,
       0.01182215, 0.02133128, 0.01053714, 0.01850424, 0.03212542,
       0.05962477, 0.00102801, 0.04214855, 0.04009252, 0.07016191,
       0.01002313, 0.0079671 , 0.00719609, 0.00128502, 0.00642508,
       0.        , 0.000514  , 0.        , 0.000514  , 0.        ]), array([1.30610973e-01, 5.20000000e-04, 3.28345800e-02, 1.04000000e-04,
       0.00000000e+00, 1.14297600e-03, 1.04000000e-04, 0.00000000e+00,
       3.12000000e-04, 3.12000000e-04, 0.00000000e+00, 1.04000000e-04,
       0.00000000e+00, 3.63674100e-03, 1.80798000e-02, 4.94596840e-02,
       1.50665000e-02, 2.09891940e-02, 1.35078970e-02, 8.72818000e-03,
       2.59767200e-03, 2.80548600e-03, 2.49376600e-03, 4.15627600e-03,
       7.06566900e-03, 1.14297600e-03, 5.19534500e-03, 2.08000000e-04,
       2.79509560e-02, 1.66251040e-02, 2.79509560e-02, 1.04000000e-04,
       0.00000000e+00, 2.08000000e-04, 8.31000000e-04, 1.04000000e-04,
       3.12000000e-04, 8.31000000e-04, 2.08000000e-04, 1.04000000e-04,
       0.00000000e+00, 3.12000000e-04, 0.00000000e+00, 0.00000000e+00,
       0.00000000e+00, 3.12000000e-04, 4.16000000e-04, 1.04000000e-04,
       3.12000000e-04, 0.00000000e+00, 0.00000000e+00, 1.04000000e-04,
       4.16000000e-04, 0.00000000e+00, 0.00000000e+00, 0.00000000e+00,
       0.00000000e+00, 0.00000000e+00, 0.00000000e+00, 1.04000000e-04,
       0.00000000e+00, 1.04000000e-04, 0.00000000e+00, 2.18204500e-03,
       0.00000000e+00, 2.20282630e-02, 4.77971700e-03, 1.43391520e-02,
       1.15336660e-02, 2.75353280e-02, 1.01828760e-02, 4.26018300e-03,
       2.09891940e-02, 2.51454700e-02, 1.35079000e-03, 1.24688300e-03,
       2.89900250e-02, 1.14297590e-02, 1.17414800e-02, 2.20282630e-02,
       1.09102240e-02, 3.12000000e-04, 9.45552800e-03, 1.78719870e-02,
       3.81338320e-02, 4.88362400e-03, 4.46799700e-03, 1.95344970e-02,
       7.27000000e-04, 7.27000000e-04, 2.08000000e-04, 0.00000000e+00,
       2.08000000e-04, 0.00000000e+00, 0.00000000e+00]), array([3.78942925e-01, 2.53000000e-04, 3.23539340e-02, 5.07000000e-05,
       2.87000000e-04, 1.01000000e-04, 1.31712300e-03, 9.96285000e-03,
       2.81999300e-03, 2.85376600e-03, 8.44000000e-05, 5.91000000e-04,
       7.09000000e-04, 2.21209100e-03, 1.17359000e-02, 1.87774400e-02,
       8.79770300e-03, 9.45626500e-03, 4.13711600e-03, 5.06585600e-03,
       1.78993600e-03, 2.76933500e-03, 1.72239100e-03, 1.16514700e-03,
       1.72239100e-03, 2.29652100e-03, 3.30969300e-03, 6.21411700e-03,
       1.85072610e-02, 2.33873690e-02, 1.84059440e-02, 1.01317100e-03,
       1.69000000e-05, 1.09760200e-03, 1.16514700e-03, 6.59000000e-04,
       1.28335000e-03, 5.40000000e-04, 8.44000000e-05, 1.18000000e-04,
       1.35000000e-04, 8.95000000e-04, 3.38000000e-05, 0.00000000e+00,
       6.75000000e-04, 1.06383000e-03, 6.59000000e-04, 8.44000000e-05,
       2.03000000e-04, 0.00000000e+00, 1.18000000e-04, 7.60000000e-04,
       1.26646400e-03, 7.77000000e-04, 0.00000000e+00, 4.05000000e-04,
       0.00000000e+00, 0.00000000e+00, 0.00000000e+00, 1.36778100e-03,
       0.00000000e+00, 1.36778100e-03, 0.00000000e+00, 1.48767310e-02,
       0.00000000e+00, 3.09692670e-02, 5.96082400e-03, 1.38973320e-02,
       2.40290440e-02, 3.08172910e-02, 9.57446800e-03, 9.13542700e-03,
       1.10773390e-02, 3.21850730e-02, 1.33400900e-03, 3.32657900e-03,
       2.57345490e-02, 7.54812600e-03, 2.16312060e-02, 1.54002030e-02,
       1.29010470e-02, 4.39000000e-04, 1.51469100e-02, 2.35731170e-02,
       2.90273560e-02, 3.95136800e-03, 1.18709900e-02, 6.14657200e-03,
       9.10165500e-03, 8.12225600e-03, 3.71000000e-04, 1.01317100e-03,
       6.75000000e-05, 1.01317100e-03, 0.00000000e+00]), array([0.06216991, 0.0001509 , 0.0488909 , 0.        , 0.        ,
       0.        , 0.00045269, 0.00120718, 0.00045269, 0.00045269,
       0.        , 0.        , 0.0003018 , 0.01886223, 0.00482873,
       0.04738192, 0.00256526, 0.00905387, 0.00286706, 0.00814848,
       0.00347065, 0.00407424, 0.00256526, 0.00181077, 0.00181077,
       0.00256526, 0.00060359, 0.00090539, 0.04104421, 0.02535084,
       0.04104421, 0.        , 0.        , 0.00075449, 0.00045269,
       0.0003018 , 0.00045269, 0.00045269, 0.0003018 , 0.0001509 ,
       0.00075449, 0.0003018 , 0.        , 0.00135808, 0.00060359,
       0.00090539, 0.00075449, 0.00060359, 0.00271616, 0.        ,
       0.00120718, 0.00105628, 0.00256526, 0.0003018 , 0.00165988,
       0.        , 0.00573412, 0.        , 0.00075449, 0.        ,
       0.        , 0.        , 0.        , 0.00075449, 0.        ,
       0.06684774, 0.00588502, 0.03078316, 0.02142749, 0.0701675 ,
       0.01493889, 0.00784669, 0.01916403, 0.0490418 , 0.00437604,
       0.0072431 , 0.05024898, 0.02142749, 0.02716161, 0.02278557,
       0.01735325, 0.0001509 , 0.03832805, 0.04270409, 0.03953524,
       0.01282632, 0.01690056, 0.00045269, 0.00181077, 0.00935567,
       0.01192093, 0.        , 0.        , 0.        , 0.        ])]
Common Instance for Type-1 Error
{104, 18, 20, 69}
Common Instance for Type-2 Error
set()