KNN
Confusion Matrix:
 [[17 17]
 [18 67]]

Type-1 Error Instance:
[array([7.41327190e-02, 1.44000000e-04, 2.59104600e-03, 1.00151144e-01,
       2.88000000e-04, 1.44000000e-04, 1.00223118e-01, 0.00000000e+00,
       5.76000000e-04, 6.84000000e-04, 0.00000000e+00, 5.76000000e-04,
       3.09486100e-03, 1.33151000e-03, 4.60630500e-03, 5.90182800e-03,
       4.06290490e-02, 1.68094141e-01, 1.28112850e-02, 1.54743100e-03,
       1.46825970e-02, 7.84511300e-03, 1.35310210e-02, 1.68418020e-02,
       7.66517900e-03, 1.56542390e-02, 1.22355000e-03, 1.00295091e-01,
       8.38491400e-03, 1.29552300e-03, 8.38491400e-03, 6.48000000e-04,
       0.00000000e+00, 7.92000000e-04, 3.60000000e-05, 2.80696700e-03,
       7.20000000e-05, 2.88000000e-04, 3.60000000e-04, 3.60000000e-05,
       3.60000000e-05, 1.51144400e-03, 3.60000000e-05, 3.60000000e-05,
       2.52000000e-04, 2.88000000e-04, 3.24000000e-04, 6.12000000e-04,
       5.40000000e-04, 1.44000000e-04, 7.20000000e-04, 2.19519200e-03,
       7.20000000e-05, 1.08000000e-04, 3.60000000e-04, 3.24000000e-04,
       1.80000000e-04, 3.60000000e-05, 0.00000000e+00, 0.00000000e+00,
       0.00000000e+00, 0.00000000e+00, 0.00000000e+00, 6.12000000e-04,
       0.00000000e+00, 2.44350080e-02, 3.45472900e-03, 1.11199080e-02,
       1.07960270e-02, 2.46869150e-02, 3.34676800e-03, 6.47761600e-03,
       5.43400000e-03, 1.65898950e-02, 1.80000000e-04, 2.80696700e-03,
       1.06160930e-02, 6.69353700e-03, 2.00806100e-02, 2.03685040e-02,
       1.71296960e-02, 7.20000000e-05, 2.01165970e-02, 1.91089680e-02,
       2.01165970e-02, 1.07240540e-02, 4.17446400e-03, 3.85058300e-03,
       1.54743100e-03, 4.39038400e-03, 4.32000000e-04, 0.00000000e+00,
       0.00000000e+00, 0.00000000e+00, 7.20000000e-05]), array([2.13409021e-01, 9.21000000e-04, 4.67934950e-02, 2.30000000e-04,
       0.00000000e+00, 1.53421300e-03, 2.14789800e-03, 1.38079200e-03,
       1.99447700e-03, 1.99447700e-03, 0.00000000e+00, 0.00000000e+00,
       1.07394900e-03, 4.60263900e-03, 8.36146100e-03, 2.69254370e-02,
       6.52040500e-03, 4.52592800e-03, 5.90672000e-03, 1.99447700e-03,
       7.67000000e-04, 1.22737000e-03, 1.38079200e-03, 2.99171500e-03,
       5.44645600e-03, 1.30408100e-03, 1.53421300e-03, 2.22460900e-03,
       2.87664930e-02, 2.59281990e-02, 2.87664930e-02, 2.30000000e-04,
       7.67000000e-05, 1.38079200e-03, 3.84000000e-04, 7.67000000e-04,
       3.84000000e-04, 9.21000000e-04, 6.14000000e-04, 2.30000000e-04,
       2.30000000e-04, 2.76158300e-03, 7.67000000e-05, 7.67000000e-04,
       8.44000000e-04, 1.22737000e-03, 0.00000000e+00, 7.67000000e-04,
       8.44000000e-04, 7.67000000e-05, 4.60000000e-04, 6.90000000e-04,
       1.22737000e-03, 2.30000000e-04, 3.07000000e-04, 3.07000000e-04,
       0.00000000e+00, 0.00000000e+00, 0.00000000e+00, 0.00000000e+00,
       0.00000000e+00, 0.00000000e+00, 0.00000000e+00, 1.40380480e-02,
       0.00000000e+00, 4.31880950e-02, 1.02025160e-02, 1.06627800e-02,
       1.69530530e-02, 3.72046640e-02, 7.28751200e-03, 1.97913470e-02,
       1.94845040e-02, 4.15004600e-02, 3.37526800e-03, 3.60540000e-03,
       2.30899050e-02, 1.92543730e-02, 1.81037130e-02, 2.28597730e-02,
       1.75667380e-02, 4.60000000e-04, 2.60816200e-02, 2.03283220e-02,
       3.19883400e-02, 1.18134400e-02, 5.75329900e-03, 9.12856700e-03,
       2.14789800e-03, 3.29855800e-03, 3.84000000e-04, 0.00000000e+00,
       0.00000000e+00, 0.00000000e+00, 0.00000000e+00]), array([4.22035235e-01, 2.45420300e-03, 3.32193880e-02, 2.63000000e-04,
       5.26000000e-04, 5.87255700e-03, 9.64000000e-04, 8.77000000e-04,
       2.45420300e-03, 2.45420300e-03, 0.00000000e+00, 8.77000000e-05,
       2.71715300e-03, 1.00797620e-02, 6.22315700e-03, 1.97212730e-02,
       1.30598650e-02, 8.76501000e-03, 9.20326100e-03, 6.83670800e-03,
       2.36655300e-03, 2.62950300e-03, 3.94425500e-03, 3.41835400e-03,
       2.27890300e-03, 1.75300200e-03, 2.54185300e-03, 1.31475200e-03,
       2.28766760e-02, 1.71794200e-02, 2.28766760e-02, 8.77000000e-05,
       3.51000000e-04, 8.77000000e-04, 6.14000000e-04, 6.14000000e-04,
       6.14000000e-04, 8.77000000e-04, 9.64000000e-04, 1.75000000e-04,
       0.00000000e+00, 1.75300200e-03, 0.00000000e+00, 0.00000000e+00,
       4.38000000e-04, 1.13945100e-03, 1.31475200e-03, 3.51000000e-04,
       8.77000000e-05, 0.00000000e+00, 1.75000000e-04, 0.00000000e+00,
       2.63000000e-04, 0.00000000e+00, 1.75000000e-04, 3.51000000e-04,
       0.00000000e+00, 8.77000000e-05, 0.00000000e+00, 2.80480300e-03,
       0.00000000e+00, 2.63000000e-04, 3.51000000e-04, 1.57770200e-03,
       5.26000000e-04, 2.57691300e-02, 9.02796000e-03, 8.94031000e-03,
       2.00718730e-02, 2.60320800e-02, 4.20720500e-03, 1.21833640e-02,
       1.30598650e-02, 1.60399680e-02, 2.01595200e-03, 1.22710100e-03,
       1.39363660e-02, 8.15145900e-03, 6.83670800e-03, 1.55140680e-02,
       8.15145900e-03, 0.00000000e+00, 1.81435710e-02, 1.70917700e-02,
       3.61994920e-02, 2.36655300e-03, 5.08370600e-03, 1.11315630e-02,
       7.89000000e-04, 3.68130400e-03, 1.75000000e-04, 1.75000000e-04,
       0.00000000e+00, 2.63000000e-04, 0.00000000e+00]), array([2.02795335e-01, 8.01000000e-04, 2.29680410e-02, 1.33535100e-03,
       0.00000000e+00, 1.78000000e-04, 8.90000000e-04, 2.67070200e-03,
       1.86949200e-03, 1.86949200e-03, 4.45000000e-04, 8.90000000e-05,
       4.09507700e-03, 1.14840200e-02, 6.85480300e-03, 7.21089600e-03,
       1.01486690e-02, 3.38289000e-03, 2.22558500e-03, 1.78046800e-03,
       4.45000000e-04, 3.91703000e-03, 8.01000000e-04, 3.56000000e-04,
       2.04753900e-03, 6.23000000e-04, 7.65601400e-03, 8.19015400e-03,
       2.05644080e-02, 1.15730440e-02, 2.06534320e-02, 1.78000000e-04,
       0.00000000e+00, 8.01000000e-04, 1.15730400e-03, 5.34000000e-04,
       1.24632800e-03, 1.06828100e-03, 1.60242100e-03, 2.67000000e-04,
       1.42437500e-03, 1.06828100e-03, 1.78000000e-04, 1.78000000e-04,
       1.33535100e-03, 4.45000000e-04, 5.34000000e-04, 1.51339800e-03,
       1.60242100e-03, 0.00000000e+00, 1.60242100e-03, 1.42437500e-03,
       1.95851500e-03, 0.00000000e+00, 9.79000000e-04, 5.34000000e-04,
       8.90000000e-05, 8.90000000e-05, 0.00000000e+00, 1.78000000e-04,
       0.00000000e+00, 0.00000000e+00, 0.00000000e+00, 3.02679600e-03,
       3.56000000e-04, 4.30873320e-02, 1.50449570e-02, 1.59351910e-02,
       2.67960470e-02, 6.12481080e-02, 1.47778870e-02, 2.74192110e-02,
       2.84874920e-02, 5.22567440e-02, 2.67000000e-04, 7.56699000e-03,
       2.80423750e-02, 1.41547230e-02, 3.84581140e-02, 4.03276060e-02,
       1.71815190e-02, 1.06828100e-03, 5.00311580e-02, 3.08911240e-02,
       5.78652190e-02, 9.43648200e-03, 3.82800700e-03, 8.99136500e-03,
       8.01210700e-03, 8.63527100e-03, 8.01000000e-04, 8.90000000e-05,
       0.00000000e+00, 0.00000000e+00, 0.00000000e+00])]
Type-2 Error Instance:
[array([0.1087308 , 0.00202102, 0.0323363 , 0.00141471, 0.        ,
       0.        , 0.000404  , 0.01010509, 0.00343573, 0.00363783,
       0.        , 0.00242522, 0.00222312, 0.01980598, 0.01273242,
       0.02869846, 0.00666936, 0.00525465, 0.00383994, 0.00727567,
       0.00485045, 0.00383994, 0.00222312, 0.00222312, 0.00363783,
       0.00222312, 0.00707357, 0.00222312, 0.02910267, 0.02041229,
       0.02930477, 0.00424414, 0.        , 0.00222312, 0.000404  ,
       0.00161681, 0.000404  , 0.000202  , 0.000606  , 0.        ,
       0.        , 0.00161681, 0.        , 0.        , 0.000202  ,
       0.000606  , 0.000404  , 0.00101051, 0.00101051, 0.00141471,
       0.000202  , 0.00101051, 0.000606  , 0.        , 0.000404  ,
       0.000404  , 0.        , 0.        , 0.        , 0.        ,
       0.        , 0.000404  , 0.        , 0.00788197, 0.        ,
       0.0547696 , 0.00808407, 0.03334681, 0.02101859, 0.05881164,
       0.00929669, 0.02000808, 0.01879547, 0.0547696 , 0.00121261,
       0.00141471, 0.03395311, 0.021827  , 0.02506063, 0.03658044,
       0.02485853, 0.000606  , 0.02829426, 0.02687955, 0.04567502,
       0.00970089, 0.00909458, 0.01616815, 0.00262732, 0.00687146,
       0.000606  , 0.00101051, 0.000202  , 0.00121261, 0.        ]), array([2.45459263e-01, 3.46000000e-04, 4.11693480e-02, 3.46000000e-04,
       8.65000000e-04, 3.46000000e-04, 2.07576500e-03, 4.49749200e-03,
       2.94066800e-03, 2.94066800e-03, 0.00000000e+00, 0.00000000e+00,
       1.90278500e-03, 4.15153100e-03, 1.79899670e-02, 4.32451130e-02,
       1.52222800e-02, 1.55682410e-02, 7.43815900e-03, 6.57325700e-03,
       4.49749200e-03, 3.11364800e-03, 1.21086300e-03, 1.90278500e-03,
       1.55682400e-03, 2.76768700e-03, 4.32451100e-03, 1.38384400e-03,
       2.21414980e-02, 2.40442830e-02, 2.21414980e-02, 6.92000000e-04,
       0.00000000e+00, 1.73000000e-04, 1.73000000e-04, 0.00000000e+00,
       1.73000000e-04, 0.00000000e+00, 1.73000000e-04, 3.46000000e-04,
       0.00000000e+00, 1.73000000e-04, 0.00000000e+00, 0.00000000e+00,
       1.73000000e-04, 0.00000000e+00, 0.00000000e+00, 0.00000000e+00,
       1.73000000e-04, 0.00000000e+00, 0.00000000e+00, 3.46000000e-04,
       5.19000000e-04, 0.00000000e+00, 1.73000000e-04, 0.00000000e+00,
       0.00000000e+00, 0.00000000e+00, 0.00000000e+00, 0.00000000e+00,
       0.00000000e+00, 0.00000000e+00, 0.00000000e+00, 3.63259000e-03,
       0.00000000e+00, 2.95796570e-02, 8.30306200e-03, 2.16225570e-02,
       1.79899670e-02, 2.92336970e-02, 1.02058470e-02, 1.57412210e-02,
       2.12765960e-02, 3.64988760e-02, 3.45960900e-03, 2.59470700e-03,
       2.24874590e-02, 1.33194950e-02, 1.48763190e-02, 2.47362050e-02,
       1.90278500e-02, 1.73000000e-04, 2.07576540e-02, 2.62930290e-02,
       3.99584850e-02, 7.09219900e-03, 1.08977690e-02, 1.76440060e-02,
       3.11364800e-03, 1.21086300e-03, 0.00000000e+00, 5.19000000e-04,
       8.65000000e-04, 5.19000000e-04, 0.00000000e+00]), array([2.99313209e-01, 0.00000000e+00, 2.54751640e-02, 0.00000000e+00,
       0.00000000e+00, 0.00000000e+00, 0.00000000e+00, 3.19437800e-03,
       3.99000000e-04, 3.19000000e-04, 0.00000000e+00, 0.00000000e+00,
       1.75690800e-03, 2.83501040e-02, 5.59016100e-03, 1.26177930e-02,
       2.95480000e-03, 1.35761100e-03, 1.91662700e-03, 7.99000000e-04,
       2.40000000e-04, 1.03817300e-03, 0.00000000e+00, 1.51733000e-03,
       0.00000000e+00, 2.40000000e-04, 5.59000000e-04, 2.40000000e-04,
       1.95655650e-02, 1.26177930e-02, 1.95655650e-02, 7.99000000e-04,
       0.00000000e+00, 2.55550200e-03, 1.51733000e-03, 1.99648600e-03,
       1.59718900e-03, 1.11803200e-03, 3.19000000e-04, 7.99000000e-05,
       1.99648600e-03, 3.99000000e-04, 3.19000000e-04, 1.60000000e-04,
       1.19789200e-03, 5.59000000e-04, 6.39000000e-04, 7.99000000e-04,
       1.19789200e-03, 0.00000000e+00, 1.35761100e-03, 1.03817300e-03,
       1.27775100e-03, 2.40000000e-04, 3.19000000e-04, 1.27775100e-03,
       0.00000000e+00, 2.40000000e-04, 0.00000000e+00, 0.00000000e+00,
       0.00000000e+00, 0.00000000e+00, 0.00000000e+00, 0.00000000e+00,
       0.00000000e+00, 4.82351060e-02, 7.10749100e-03, 1.71697810e-02,
       1.99648620e-02, 5.39051270e-02, 1.11004630e-02, 1.26976520e-02,
       1.88468300e-02, 4.91135600e-02, 1.91662700e-03, 7.90608500e-03,
       3.33013900e-02, 1.49337170e-02, 3.47388600e-02, 3.33013900e-02,
       1.39754030e-02, 0.00000000e+00, 3.00271520e-02, 4.24053670e-02,
       4.44018530e-02, 1.14199010e-02, 8.46510100e-03, 5.74988000e-03,
       1.51733000e-03, 1.03018690e-02, 0.00000000e+00, 0.00000000e+00,
       0.00000000e+00, 0.00000000e+00, 0.00000000e+00]), array([3.5269029e-02, 2.6200000e-04, 5.0328084e-02, 0.0000000e+00,
       0.0000000e+00, 9.8400000e-05, 1.2467192e-02, 0.0000000e+00,
       0.0000000e+00, 0.0000000e+00, 0.0000000e+00, 0.0000000e+00,
       4.7572180e-03, 3.3464570e-03, 3.5269029e-02, 4.5800525e-02,
       2.5984252e-02, 2.5393701e-02, 1.4763780e-02, 1.2664042e-02,
       1.2729659e-02, 7.8412070e-03, 4.0354330e-03, 8.3989500e-03,
       8.1036750e-03, 4.6259840e-03, 6.2992130e-03, 1.3123360e-03,
       1.6699475e-02, 5.0918635e-02, 1.6699475e-02, 9.7440940e-03,
       0.0000000e+00, 1.7716540e-03, 4.2700000e-04, 9.1900000e-04,
       9.1900000e-04, 8.5300000e-04, 6.2300000e-04, 1.9700000e-04,
       3.2800000e-05, 2.9500000e-04, 3.6100000e-04, 0.0000000e+00,
       1.3123360e-03, 2.5918640e-03, 1.5091860e-03, 7.2200000e-04,
       1.1482940e-03, 6.5600000e-05, 9.8400000e-05, 8.8600000e-04,
       9.8400000e-04, 1.6400000e-04, 1.6400000e-04, 6.5600000e-05,
       0.0000000e+00, 6.5600000e-04, 9.8400000e-05, 0.0000000e+00,
       0.0000000e+00, 0.0000000e+00, 0.0000000e+00, 6.2664040e-03,
       0.0000000e+00, 4.3011811e-02, 1.4501312e-02, 2.1751969e-02,
       1.2631234e-02, 3.9402887e-02, 5.5446190e-03, 2.8116798e-02,
       3.5695538e-02, 3.0150919e-02, 6.0367450e-03, 5.4461940e-03,
       3.3956693e-02, 1.7782152e-02, 2.4967192e-02, 2.3228346e-02,
       3.4940945e-02, 0.0000000e+00, 3.5006562e-02, 3.9009186e-02,
       6.4009186e-02, 2.4671916e-02, 4.7900260e-03, 8.0708660e-03,
       4.0026250e-03, 4.2979000e-03, 2.0013120e-03, 0.0000000e+00,
       0.0000000e+00, 0.0000000e+00, 0.0000000e+00])]SVM with linear kernel
Confusion Matrix:
 [[ 0 34]
 [ 0 85]]

Type-1 Error Instance:
[array([0.02101167, 0.        , 0.01992218, 0.000623  , 0.        ,
       0.000156  , 0.00202335, 0.        , 0.        , 0.        ,
       0.        , 0.        , 0.00373541, 0.0018677 , 0.02645914,
       0.05338521, 0.00373541, 0.000156  , 0.000311  , 0.        ,
       0.000311  , 0.000311  , 0.        , 0.        , 0.000467  ,
       0.        , 0.00949416, 0.00311284, 0.03424124, 0.01027237,
       0.03424124, 0.        , 0.        , 0.01961089, 0.02396887,
       0.00389105, 0.00140078, 0.00264591, 0.00124514, 0.00140078,
       0.00108949, 0.000778  , 0.        , 0.        , 0.00202335,
       0.00389105, 0.00700389, 0.00622568, 0.00280156, 0.        ,
       0.01214008, 0.00575875, 0.00326848, 0.000934  , 0.000311  ,
       0.        , 0.        , 0.        , 0.        , 0.        ,
       0.        , 0.        , 0.        , 0.01634241, 0.        ,
       0.04466926, 0.00451362, 0.0381323 , 0.01680934, 0.07081712,
       0.02085603, 0.01027237, 0.02474708, 0.05478599, 0.        ,
       0.00233463, 0.01821012, 0.02007782, 0.05058366, 0.03797665,
       0.02007782, 0.000778  , 0.05587549, 0.04326848, 0.05883269,
       0.01136187, 0.00498055, 0.03268483, 0.        , 0.01214008,
       0.00202335, 0.        , 0.000311  , 0.        , 0.        ]), array([0.0573409 , 0.00063   , 0.07939509, 0.00504096, 0.00189036,
       0.00252048, 0.        , 0.0063012 , 0.01827347, 0.01827347,
       0.00126024, 0.00126024, 0.02961563, 0.00063   , 0.01512287,
       0.0094518 , 0.00126024, 0.00819156, 0.00756144, 0.00189036,
       0.00126024, 0.00441084, 0.00504096, 0.00126024, 0.00189036,
       0.00693132, 0.02772527, 0.00567108, 0.00252048, 0.00504096,
       0.00378072, 0.00189036, 0.        , 0.00441084, 0.00756144,
       0.00378072, 0.00063   , 0.0031506 , 0.00126024, 0.        ,
       0.00252048, 0.00567108, 0.        , 0.        , 0.00441084,
       0.00063   , 0.        , 0.        , 0.        , 0.        ,
       0.        , 0.0094518 , 0.0063012 , 0.00189036, 0.        ,
       0.00126024, 0.        , 0.        , 0.        , 0.00441084,
       0.00756144, 0.00504096, 0.00126024, 0.00126024, 0.        ,
       0.03024575, 0.01008192, 0.03087587, 0.01512287, 0.05671077,
       0.00882168, 0.0094518 , 0.01260239, 0.04284814, 0.00504096,
       0.00441084, 0.03276623, 0.0063012 , 0.0447385 , 0.04851922,
       0.02331443, 0.        , 0.04662886, 0.01386263, 0.06301197,
       0.02268431, 0.00567108, 0.00189036, 0.00189036, 0.00567108,
       0.0031506 , 0.00693132, 0.00189036, 0.00819156, 0.        ]), array([7.41327190e-02, 1.44000000e-04, 2.59104600e-03, 1.00151144e-01,
       2.88000000e-04, 1.44000000e-04, 1.00223118e-01, 0.00000000e+00,
       5.76000000e-04, 6.84000000e-04, 0.00000000e+00, 5.76000000e-04,
       3.09486100e-03, 1.33151000e-03, 4.60630500e-03, 5.90182800e-03,
       4.06290490e-02, 1.68094141e-01, 1.28112850e-02, 1.54743100e-03,
       1.46825970e-02, 7.84511300e-03, 1.35310210e-02, 1.68418020e-02,
       7.66517900e-03, 1.56542390e-02, 1.22355000e-03, 1.00295091e-01,
       8.38491400e-03, 1.29552300e-03, 8.38491400e-03, 6.48000000e-04,
       0.00000000e+00, 7.92000000e-04, 3.60000000e-05, 2.80696700e-03,
       7.20000000e-05, 2.88000000e-04, 3.60000000e-04, 3.60000000e-05,
       3.60000000e-05, 1.51144400e-03, 3.60000000e-05, 3.60000000e-05,
       2.52000000e-04, 2.88000000e-04, 3.24000000e-04, 6.12000000e-04,
       5.40000000e-04, 1.44000000e-04, 7.20000000e-04, 2.19519200e-03,
       7.20000000e-05, 1.08000000e-04, 3.60000000e-04, 3.24000000e-04,
       1.80000000e-04, 3.60000000e-05, 0.00000000e+00, 0.00000000e+00,
       0.00000000e+00, 0.00000000e+00, 0.00000000e+00, 6.12000000e-04,
       0.00000000e+00, 2.44350080e-02, 3.45472900e-03, 1.11199080e-02,
       1.07960270e-02, 2.46869150e-02, 3.34676800e-03, 6.47761600e-03,
       5.43400000e-03, 1.65898950e-02, 1.80000000e-04, 2.80696700e-03,
       1.06160930e-02, 6.69353700e-03, 2.00806100e-02, 2.03685040e-02,
       1.71296960e-02, 7.20000000e-05, 2.01165970e-02, 1.91089680e-02,
       2.01165970e-02, 1.07240540e-02, 4.17446400e-03, 3.85058300e-03,
       1.54743100e-03, 4.39038400e-03, 4.32000000e-04, 0.00000000e+00,
       0.00000000e+00, 0.00000000e+00, 7.20000000e-05]), array([8.0724552e-02, 1.4766700e-04, 1.9688900e-04, 1.4766690e-03,
       0.0000000e+00, 1.2305570e-03, 2.8056700e-03, 0.0000000e+00,
       1.5258910e-03, 1.5258910e-03, 2.6580040e-03, 0.0000000e+00,
       2.3134480e-03, 9.4063792e-02, 1.8507580e-02, 3.5932270e-03,
       1.3388462e-02, 1.4176019e-02, 1.3733018e-02, 2.6087810e-03,
       7.9247880e-03, 3.1994490e-03, 7.1372320e-03, 1.5751130e-03,
       5.3652290e-03, 3.1994490e-03, 1.7572357e-02, 1.6883245e-02,
       0.0000000e+00, 3.1010040e-03, 0.0000000e+00, 4.9200000e-05,
       0.0000000e+00, 7.8755700e-04, 0.0000000e+00, 2.0181140e-03,
       5.4144500e-04, 7.3833400e-04, 9.8400000e-05, 1.9688900e-04,
       1.1321130e-03, 1.2305570e-03, 0.0000000e+00, 0.0000000e+00,
       4.9222300e-04, 2.9533400e-04, 1.9688900e-04, 1.1813350e-03,
       1.9688900e-04, 9.8400000e-05, 1.9688900e-04, 8.8600100e-04,
       8.8600100e-04, 1.9688900e-04, 0.0000000e+00, 0.0000000e+00,
       0.0000000e+00, 0.0000000e+00, 0.0000000e+00, 0.0000000e+00,
       4.9200000e-05, 0.0000000e+00, 0.0000000e+00, 3.1502260e-03,
       0.0000000e+00, 3.8048829e-02, 1.9738137e-02, 3.2929711e-02,
       2.5890923e-02, 3.9919275e-02, 1.1616460e-02, 2.2248474e-02,
       9.4999020e-03, 6.9304981e-02, 2.9533400e-04, 1.2847017e-02,
       1.7375468e-02, 6.9403430e-03, 4.3512502e-02, 6.4530419e-02,
       3.6916716e-02, 3.9377800e-04, 4.4398504e-02, 2.7318370e-02,
       4.4644615e-02, 3.4504824e-02, 3.3963380e-03, 8.3677890e-03,
       2.2248474e-02, 3.4455600e-03, 1.2797790e-03, 1.1567238e-02,
       0.0000000e+00, 1.1567238e-02, 0.0000000e+00])]
Type-2 Error Instance:
[]SVM with RBF kernel
Confusion Matrix:
 [[ 4 30]
 [ 2 83]]

Type-1 Error Instance:
[array([0.02101167, 0.        , 0.01992218, 0.000623  , 0.        ,
       0.000156  , 0.00202335, 0.        , 0.        , 0.        ,
       0.        , 0.        , 0.00373541, 0.0018677 , 0.02645914,
       0.05338521, 0.00373541, 0.000156  , 0.000311  , 0.        ,
       0.000311  , 0.000311  , 0.        , 0.        , 0.000467  ,
       0.        , 0.00949416, 0.00311284, 0.03424124, 0.01027237,
       0.03424124, 0.        , 0.        , 0.01961089, 0.02396887,
       0.00389105, 0.00140078, 0.00264591, 0.00124514, 0.00140078,
       0.00108949, 0.000778  , 0.        , 0.        , 0.00202335,
       0.00389105, 0.00700389, 0.00622568, 0.00280156, 0.        ,
       0.01214008, 0.00575875, 0.00326848, 0.000934  , 0.000311  ,
       0.        , 0.        , 0.        , 0.        , 0.        ,
       0.        , 0.        , 0.        , 0.01634241, 0.        ,
       0.04466926, 0.00451362, 0.0381323 , 0.01680934, 0.07081712,
       0.02085603, 0.01027237, 0.02474708, 0.05478599, 0.        ,
       0.00233463, 0.01821012, 0.02007782, 0.05058366, 0.03797665,
       0.02007782, 0.000778  , 0.05587549, 0.04326848, 0.05883269,
       0.01136187, 0.00498055, 0.03268483, 0.        , 0.01214008,
       0.00202335, 0.        , 0.000311  , 0.        , 0.        ]), array([0.0573409 , 0.00063   , 0.07939509, 0.00504096, 0.00189036,
       0.00252048, 0.        , 0.0063012 , 0.01827347, 0.01827347,
       0.00126024, 0.00126024, 0.02961563, 0.00063   , 0.01512287,
       0.0094518 , 0.00126024, 0.00819156, 0.00756144, 0.00189036,
       0.00126024, 0.00441084, 0.00504096, 0.00126024, 0.00189036,
       0.00693132, 0.02772527, 0.00567108, 0.00252048, 0.00504096,
       0.00378072, 0.00189036, 0.        , 0.00441084, 0.00756144,
       0.00378072, 0.00063   , 0.0031506 , 0.00126024, 0.        ,
       0.00252048, 0.00567108, 0.        , 0.        , 0.00441084,
       0.00063   , 0.        , 0.        , 0.        , 0.        ,
       0.        , 0.0094518 , 0.0063012 , 0.00189036, 0.        ,
       0.00126024, 0.        , 0.        , 0.        , 0.00441084,
       0.00756144, 0.00504096, 0.00126024, 0.00126024, 0.        ,
       0.03024575, 0.01008192, 0.03087587, 0.01512287, 0.05671077,
       0.00882168, 0.0094518 , 0.01260239, 0.04284814, 0.00504096,
       0.00441084, 0.03276623, 0.0063012 , 0.0447385 , 0.04851922,
       0.02331443, 0.        , 0.04662886, 0.01386263, 0.06301197,
       0.02268431, 0.00567108, 0.00189036, 0.00189036, 0.00567108,
       0.0031506 , 0.00693132, 0.00189036, 0.00819156, 0.        ]), array([7.41327190e-02, 1.44000000e-04, 2.59104600e-03, 1.00151144e-01,
       2.88000000e-04, 1.44000000e-04, 1.00223118e-01, 0.00000000e+00,
       5.76000000e-04, 6.84000000e-04, 0.00000000e+00, 5.76000000e-04,
       3.09486100e-03, 1.33151000e-03, 4.60630500e-03, 5.90182800e-03,
       4.06290490e-02, 1.68094141e-01, 1.28112850e-02, 1.54743100e-03,
       1.46825970e-02, 7.84511300e-03, 1.35310210e-02, 1.68418020e-02,
       7.66517900e-03, 1.56542390e-02, 1.22355000e-03, 1.00295091e-01,
       8.38491400e-03, 1.29552300e-03, 8.38491400e-03, 6.48000000e-04,
       0.00000000e+00, 7.92000000e-04, 3.60000000e-05, 2.80696700e-03,
       7.20000000e-05, 2.88000000e-04, 3.60000000e-04, 3.60000000e-05,
       3.60000000e-05, 1.51144400e-03, 3.60000000e-05, 3.60000000e-05,
       2.52000000e-04, 2.88000000e-04, 3.24000000e-04, 6.12000000e-04,
       5.40000000e-04, 1.44000000e-04, 7.20000000e-04, 2.19519200e-03,
       7.20000000e-05, 1.08000000e-04, 3.60000000e-04, 3.24000000e-04,
       1.80000000e-04, 3.60000000e-05, 0.00000000e+00, 0.00000000e+00,
       0.00000000e+00, 0.00000000e+00, 0.00000000e+00, 6.12000000e-04,
       0.00000000e+00, 2.44350080e-02, 3.45472900e-03, 1.11199080e-02,
       1.07960270e-02, 2.46869150e-02, 3.34676800e-03, 6.47761600e-03,
       5.43400000e-03, 1.65898950e-02, 1.80000000e-04, 2.80696700e-03,
       1.06160930e-02, 6.69353700e-03, 2.00806100e-02, 2.03685040e-02,
       1.71296960e-02, 7.20000000e-05, 2.01165970e-02, 1.91089680e-02,
       2.01165970e-02, 1.07240540e-02, 4.17446400e-03, 3.85058300e-03,
       1.54743100e-03, 4.39038400e-03, 4.32000000e-04, 0.00000000e+00,
       0.00000000e+00, 0.00000000e+00, 7.20000000e-05]), array([8.0724552e-02, 1.4766700e-04, 1.9688900e-04, 1.4766690e-03,
       0.0000000e+00, 1.2305570e-03, 2.8056700e-03, 0.0000000e+00,
       1.5258910e-03, 1.5258910e-03, 2.6580040e-03, 0.0000000e+00,
       2.3134480e-03, 9.4063792e-02, 1.8507580e-02, 3.5932270e-03,
       1.3388462e-02, 1.4176019e-02, 1.3733018e-02, 2.6087810e-03,
       7.9247880e-03, 3.1994490e-03, 7.1372320e-03, 1.5751130e-03,
       5.3652290e-03, 3.1994490e-03, 1.7572357e-02, 1.6883245e-02,
       0.0000000e+00, 3.1010040e-03, 0.0000000e+00, 4.9200000e-05,
       0.0000000e+00, 7.8755700e-04, 0.0000000e+00, 2.0181140e-03,
       5.4144500e-04, 7.3833400e-04, 9.8400000e-05, 1.9688900e-04,
       1.1321130e-03, 1.2305570e-03, 0.0000000e+00, 0.0000000e+00,
       4.9222300e-04, 2.9533400e-04, 1.9688900e-04, 1.1813350e-03,
       1.9688900e-04, 9.8400000e-05, 1.9688900e-04, 8.8600100e-04,
       8.8600100e-04, 1.9688900e-04, 0.0000000e+00, 0.0000000e+00,
       0.0000000e+00, 0.0000000e+00, 0.0000000e+00, 0.0000000e+00,
       4.9200000e-05, 0.0000000e+00, 0.0000000e+00, 3.1502260e-03,
       0.0000000e+00, 3.8048829e-02, 1.9738137e-02, 3.2929711e-02,
       2.5890923e-02, 3.9919275e-02, 1.1616460e-02, 2.2248474e-02,
       9.4999020e-03, 6.9304981e-02, 2.9533400e-04, 1.2847017e-02,
       1.7375468e-02, 6.9403430e-03, 4.3512502e-02, 6.4530419e-02,
       3.6916716e-02, 3.9377800e-04, 4.4398504e-02, 2.7318370e-02,
       4.4644615e-02, 3.4504824e-02, 3.3963380e-03, 8.3677890e-03,
       2.2248474e-02, 3.4455600e-03, 1.2797790e-03, 1.1567238e-02,
       0.0000000e+00, 1.1567238e-02, 0.0000000e+00])]
Type-2 Error Instance:
[array([6.0561562e-01, 1.2100000e-04, 1.8880103e-02, 0.0000000e+00,
       0.0000000e+00, 0.0000000e+00, 2.0200000e-04, 0.0000000e+00,
       3.2300000e-04, 2.8200000e-04, 0.0000000e+00, 8.0700000e-05,
       2.4205260e-03, 9.3190250e-03, 1.7347100e-03, 1.7831209e-02,
       2.8200000e-04, 4.4400000e-04, 4.4400000e-04, 1.2100000e-04,
       2.8200000e-04, 2.4200000e-04, 2.0200000e-04, 2.0200000e-04,
       4.0300000e-05, 4.0300000e-05, 8.4700000e-04, 1.0085530e-03,
       1.8638051e-02, 9.4400520e-03, 1.8638051e-02, 0.0000000e+00,
       0.0000000e+00, 2.8200000e-04, 6.0500000e-04, 8.0700000e-05,
       2.4200000e-04, 2.0200000e-04, 4.4400000e-04, 2.4200000e-04,
       2.4200000e-04, 5.6500000e-04, 4.0300000e-05, 3.2300000e-04,
       1.2100000e-04, 5.6500000e-04, 4.4400000e-04, 3.6300000e-04,
       5.2400000e-04, 8.0700000e-05, 2.4200000e-04, 9.2800000e-04,
       1.2100000e-04, 4.0300000e-05, 4.0300000e-05, 2.0200000e-04,
       0.0000000e+00, 0.0000000e+00, 2.4200000e-04, 0.0000000e+00,
       0.0000000e+00, 0.0000000e+00, 0.0000000e+00, 3.6300000e-04,
       0.0000000e+00, 3.3766339e-02, 4.0745520e-03, 1.2304341e-02,
       8.7945780e-03, 1.9001130e-02, 7.4632890e-03, 7.0195260e-03,
       5.3251570e-03, 1.7911893e-02, 1.5330000e-03, 6.1723410e-03,
       1.3312893e-02, 4.7200260e-03, 2.1461998e-02, 2.2510892e-02,
       1.0730999e-02, 2.0200000e-04, 1.8315314e-02, 2.6222366e-02,
       1.8517024e-02, 2.7432630e-03, 2.6222370e-03, 4.9217360e-03,
       8.0700000e-04, 5.7689200e-03, 3.5904470e-03, 0.0000000e+00,
       0.0000000e+00, 0.0000000e+00, 0.0000000e+00]), array([3.96297164e-01, 1.40614000e-03, 2.15608160e-02, 4.69000000e-05,
       1.87000000e-04, 1.17178300e-03, 3.23412200e-03, 1.68736800e-03,
       6.56000000e-04, 9.37000000e-04, 1.87000000e-04, 3.75000000e-04,
       4.31216300e-03, 6.37450200e-03, 5.95266000e-03, 1.80454650e-02,
       7.21818600e-03, 4.82774800e-03, 6.18701700e-03, 8.62432600e-03,
       2.34356700e-03, 4.21842000e-03, 2.20295300e-03, 4.96836200e-03,
       1.31239700e-03, 1.35926900e-03, 2.15608200e-03, 6.09327400e-03,
       1.77642370e-02, 1.54675420e-02, 1.77642370e-02, 1.35926900e-03,
       0.00000000e+00, 1.49988300e-03, 1.31239700e-03, 1.87000000e-04,
       2.57792400e-03, 4.69000000e-04, 4.69000000e-05, 1.59362500e-03,
       1.87000000e-04, 7.03000000e-04, 1.87000000e-04, 3.28000000e-04,
       3.75000000e-04, 2.06233900e-03, 1.54675400e-03, 1.41000000e-04,
       2.10921000e-03, 2.34000000e-04, 4.69000000e-05, 1.49988300e-03,
       6.09000000e-04, 6.56000000e-04, 6.09000000e-04, 1.54675400e-03,
       7.50000000e-04, 5.62000000e-04, 1.40614000e-03, 9.37000000e-05,
       0.00000000e+00, 9.37000000e-05, 0.00000000e+00, 5.39020400e-03,
       0.00000000e+00, 3.42629480e-02, 7.35880000e-03, 1.70142960e-02,
       2.11389740e-02, 3.87625970e-02, 5.43707500e-03, 6.84321500e-03,
       1.27958750e-02, 3.03726270e-02, 1.54675400e-03, 4.40590600e-03,
       2.11389740e-02, 1.49519570e-02, 2.38106400e-02, 1.30302320e-02,
       1.92641200e-02, 0.00000000e+00, 2.55917510e-02, 2.84977740e-02,
       2.70916330e-02, 8.24935600e-03, 8.29622700e-03, 3.89032100e-03,
       4.54652000e-03, 4.87461900e-03, 3.32786500e-03, 4.69000000e-05,
       1.41000000e-04, 4.69000000e-05, 0.00000000e+00])]MLP
Confusion Matrix:
 [[15 19]
 [12 73]]

Type-1 Error Instance:
[array([8.0724552e-02, 1.4766700e-04, 1.9688900e-04, 1.4766690e-03,
       0.0000000e+00, 1.2305570e-03, 2.8056700e-03, 0.0000000e+00,
       1.5258910e-03, 1.5258910e-03, 2.6580040e-03, 0.0000000e+00,
       2.3134480e-03, 9.4063792e-02, 1.8507580e-02, 3.5932270e-03,
       1.3388462e-02, 1.4176019e-02, 1.3733018e-02, 2.6087810e-03,
       7.9247880e-03, 3.1994490e-03, 7.1372320e-03, 1.5751130e-03,
       5.3652290e-03, 3.1994490e-03, 1.7572357e-02, 1.6883245e-02,
       0.0000000e+00, 3.1010040e-03, 0.0000000e+00, 4.9200000e-05,
       0.0000000e+00, 7.8755700e-04, 0.0000000e+00, 2.0181140e-03,
       5.4144500e-04, 7.3833400e-04, 9.8400000e-05, 1.9688900e-04,
       1.1321130e-03, 1.2305570e-03, 0.0000000e+00, 0.0000000e+00,
       4.9222300e-04, 2.9533400e-04, 1.9688900e-04, 1.1813350e-03,
       1.9688900e-04, 9.8400000e-05, 1.9688900e-04, 8.8600100e-04,
       8.8600100e-04, 1.9688900e-04, 0.0000000e+00, 0.0000000e+00,
       0.0000000e+00, 0.0000000e+00, 0.0000000e+00, 0.0000000e+00,
       4.9200000e-05, 0.0000000e+00, 0.0000000e+00, 3.1502260e-03,
       0.0000000e+00, 3.8048829e-02, 1.9738137e-02, 3.2929711e-02,
       2.5890923e-02, 3.9919275e-02, 1.1616460e-02, 2.2248474e-02,
       9.4999020e-03, 6.9304981e-02, 2.9533400e-04, 1.2847017e-02,
       1.7375468e-02, 6.9403430e-03, 4.3512502e-02, 6.4530419e-02,
       3.6916716e-02, 3.9377800e-04, 4.4398504e-02, 2.7318370e-02,
       4.4644615e-02, 3.4504824e-02, 3.3963380e-03, 8.3677890e-03,
       2.2248474e-02, 3.4455600e-03, 1.2797790e-03, 1.1567238e-02,
       0.0000000e+00, 1.1567238e-02, 0.0000000e+00]), array([2.02795335e-01, 8.01000000e-04, 2.29680410e-02, 1.33535100e-03,
       0.00000000e+00, 1.78000000e-04, 8.90000000e-04, 2.67070200e-03,
       1.86949200e-03, 1.86949200e-03, 4.45000000e-04, 8.90000000e-05,
       4.09507700e-03, 1.14840200e-02, 6.85480300e-03, 7.21089600e-03,
       1.01486690e-02, 3.38289000e-03, 2.22558500e-03, 1.78046800e-03,
       4.45000000e-04, 3.91703000e-03, 8.01000000e-04, 3.56000000e-04,
       2.04753900e-03, 6.23000000e-04, 7.65601400e-03, 8.19015400e-03,
       2.05644080e-02, 1.15730440e-02, 2.06534320e-02, 1.78000000e-04,
       0.00000000e+00, 8.01000000e-04, 1.15730400e-03, 5.34000000e-04,
       1.24632800e-03, 1.06828100e-03, 1.60242100e-03, 2.67000000e-04,
       1.42437500e-03, 1.06828100e-03, 1.78000000e-04, 1.78000000e-04,
       1.33535100e-03, 4.45000000e-04, 5.34000000e-04, 1.51339800e-03,
       1.60242100e-03, 0.00000000e+00, 1.60242100e-03, 1.42437500e-03,
       1.95851500e-03, 0.00000000e+00, 9.79000000e-04, 5.34000000e-04,
       8.90000000e-05, 8.90000000e-05, 0.00000000e+00, 1.78000000e-04,
       0.00000000e+00, 0.00000000e+00, 0.00000000e+00, 3.02679600e-03,
       3.56000000e-04, 4.30873320e-02, 1.50449570e-02, 1.59351910e-02,
       2.67960470e-02, 6.12481080e-02, 1.47778870e-02, 2.74192110e-02,
       2.84874920e-02, 5.22567440e-02, 2.67000000e-04, 7.56699000e-03,
       2.80423750e-02, 1.41547230e-02, 3.84581140e-02, 4.03276060e-02,
       1.71815190e-02, 1.06828100e-03, 5.00311580e-02, 3.08911240e-02,
       5.78652190e-02, 9.43648200e-03, 3.82800700e-03, 8.99136500e-03,
       8.01210700e-03, 8.63527100e-03, 8.01000000e-04, 8.90000000e-05,
       0.00000000e+00, 0.00000000e+00, 0.00000000e+00]), array([2.06237817e-01, 0.00000000e+00, 6.33528270e-02, 3.90000000e-04,
       0.00000000e+00, 1.26705700e-03, 5.26315800e-03, 7.80000000e-04,
       3.90000000e-04, 3.90000000e-04, 0.00000000e+00, 0.00000000e+00,
       1.95000000e-04, 4.87329400e-03, 7.79727100e-03, 2.65107210e-02,
       9.25925900e-03, 6.72514600e-03, 3.70370400e-03, 9.75000000e-04,
       2.04678400e-03, 1.07212500e-03, 3.70370400e-03, 3.90000000e-04,
       1.95000000e-04, 7.80000000e-04, 2.04678400e-03, 4.48343100e-03,
       3.70370370e-02, 3.48927880e-02, 3.70370370e-02, 1.65692000e-03,
       9.75000000e-05, 2.53411300e-03, 1.36452200e-03, 1.26705700e-03,
       4.87000000e-04, 1.75438600e-03, 9.75000000e-05, 2.92000000e-04,
       4.87000000e-04, 1.46198800e-03, 9.75000000e-04, 5.85000000e-04,
       7.80000000e-04, 3.90000000e-04, 8.77000000e-04, 1.65692000e-03,
       5.85000000e-04, 0.00000000e+00, 7.80000000e-04, 1.55945400e-03,
       1.16959100e-03, 6.82000000e-04, 5.85000000e-04, 0.00000000e+00,
       9.75000000e-05, 9.75000000e-05, 5.85000000e-04, 0.00000000e+00,
       0.00000000e+00, 0.00000000e+00, 0.00000000e+00, 5.75048700e-03,
       0.00000000e+00, 3.99610140e-02, 2.45614040e-02, 2.20272900e-02,
       2.72904480e-02, 4.05458090e-02, 9.25925900e-03, 2.72904480e-02,
       1.73489280e-02, 4.24951270e-02, 2.53411300e-03, 3.89863500e-03,
       3.32358670e-02, 1.15009750e-02, 2.25146200e-02, 2.16374270e-02,
       1.56920080e-02, 0.00000000e+00, 3.36257310e-02, 2.31968810e-02,
       5.48732940e-02, 5.94541900e-03, 7.40740700e-03, 1.08187130e-02,
       6.82261200e-03, 1.85185200e-03, 1.07212500e-03, 0.00000000e+00,
       0.00000000e+00, 0.00000000e+00, 0.00000000e+00]), array([0.08693281, 0.000109  , 0.01963351, 0.        , 0.00141798,
       0.        , 0.000218  , 0.02072426, 0.00512653, 0.00534468,
       0.000873  , 0.000436  , 0.00283595, 0.02356021, 0.01134381,
       0.02748691, 0.00708988, 0.0056719 , 0.00556283, 0.00163613,
       0.00163613, 0.00185428, 0.0013089 , 0.000764  , 0.000436  ,
       0.000654  , 0.0069808 , 0.004363  , 0.01832461, 0.01734293,
       0.01832461, 0.000436  , 0.000218  , 0.00109075, 0.00141798,
       0.00272688, 0.000545  , 0.00239965, 0.00163613, 0.000654  ,
       0.000873  , 0.00163613, 0.        , 0.        , 0.000327  ,
       0.000764  , 0.00141798, 0.00239965, 0.000982  , 0.000764  ,
       0.000764  , 0.00272688, 0.00119983, 0.000436  , 0.000218  ,
       0.000436  , 0.        , 0.000545  , 0.        , 0.        ,
       0.        , 0.        , 0.        , 0.0026178 , 0.        ,
       0.05137435, 0.00708988, 0.02683246, 0.03446771, 0.06926265,
       0.01657941, 0.01188918, 0.01341623, 0.06195462, 0.00589005,
       0.00163613, 0.04461169, 0.01439791, 0.03664921, 0.04602967,
       0.01657941, 0.000545  , 0.04308464, 0.04668412, 0.0655541 ,
       0.01799738, 0.01472513, 0.00512653, 0.00545375, 0.0074171 ,
       0.00185428, 0.000764  , 0.        , 0.000982  , 0.        ])]
Type-2 Error Instance:
[array([0.1087308 , 0.00202102, 0.0323363 , 0.00141471, 0.        ,
       0.        , 0.000404  , 0.01010509, 0.00343573, 0.00363783,
       0.        , 0.00242522, 0.00222312, 0.01980598, 0.01273242,
       0.02869846, 0.00666936, 0.00525465, 0.00383994, 0.00727567,
       0.00485045, 0.00383994, 0.00222312, 0.00222312, 0.00363783,
       0.00222312, 0.00707357, 0.00222312, 0.02910267, 0.02041229,
       0.02930477, 0.00424414, 0.        , 0.00222312, 0.000404  ,
       0.00161681, 0.000404  , 0.000202  , 0.000606  , 0.        ,
       0.        , 0.00161681, 0.        , 0.        , 0.000202  ,
       0.000606  , 0.000404  , 0.00101051, 0.00101051, 0.00141471,
       0.000202  , 0.00101051, 0.000606  , 0.        , 0.000404  ,
       0.000404  , 0.        , 0.        , 0.        , 0.        ,
       0.        , 0.000404  , 0.        , 0.00788197, 0.        ,
       0.0547696 , 0.00808407, 0.03334681, 0.02101859, 0.05881164,
       0.00929669, 0.02000808, 0.01879547, 0.0547696 , 0.00121261,
       0.00141471, 0.03395311, 0.021827  , 0.02506063, 0.03658044,
       0.02485853, 0.000606  , 0.02829426, 0.02687955, 0.04567502,
       0.00970089, 0.00909458, 0.01616815, 0.00262732, 0.00687146,
       0.000606  , 0.00101051, 0.000202  , 0.00121261, 0.        ]), array([0.15384615, 0.01923077, 0.        , 0.        , 0.        ,
       0.        , 0.        , 0.        , 0.01923077, 0.01923077,
       0.        , 0.        , 0.01923077, 0.07692308, 0.03846154,
       0.03846154, 0.01923077, 0.01923077, 0.01923077, 0.        ,
       0.        , 0.        , 0.01923077, 0.        , 0.        ,
       0.        , 0.01923077, 0.        , 0.01923077, 0.        ,
       0.01923077, 0.        , 0.        , 0.        , 0.        ,
       0.        , 0.        , 0.        , 0.        , 0.01923077,
       0.01923077, 0.        , 0.        , 0.        , 0.        ,
       0.        , 0.        , 0.        , 0.        , 0.        ,
       0.        , 0.01923077, 0.        , 0.        , 0.        ,
       0.        , 0.        , 0.        , 0.        , 0.01923077,
       0.        , 0.01923077, 0.        , 0.        , 0.        ,
       0.        , 0.01923077, 0.03846154, 0.03846154, 0.03846154,
       0.        , 0.        , 0.01923077, 0.        , 0.        ,
       0.        , 0.        , 0.03846154, 0.        , 0.05769231,
       0.01923077, 0.        , 0.        , 0.01923077, 0.03846154,
       0.        , 0.        , 0.05769231, 0.        , 0.        ,
       0.        , 0.        , 0.        , 0.        , 0.        ]), array([2.45459263e-01, 3.46000000e-04, 4.11693480e-02, 3.46000000e-04,
       8.65000000e-04, 3.46000000e-04, 2.07576500e-03, 4.49749200e-03,
       2.94066800e-03, 2.94066800e-03, 0.00000000e+00, 0.00000000e+00,
       1.90278500e-03, 4.15153100e-03, 1.79899670e-02, 4.32451130e-02,
       1.52222800e-02, 1.55682410e-02, 7.43815900e-03, 6.57325700e-03,
       4.49749200e-03, 3.11364800e-03, 1.21086300e-03, 1.90278500e-03,
       1.55682400e-03, 2.76768700e-03, 4.32451100e-03, 1.38384400e-03,
       2.21414980e-02, 2.40442830e-02, 2.21414980e-02, 6.92000000e-04,
       0.00000000e+00, 1.73000000e-04, 1.73000000e-04, 0.00000000e+00,
       1.73000000e-04, 0.00000000e+00, 1.73000000e-04, 3.46000000e-04,
       0.00000000e+00, 1.73000000e-04, 0.00000000e+00, 0.00000000e+00,
       1.73000000e-04, 0.00000000e+00, 0.00000000e+00, 0.00000000e+00,
       1.73000000e-04, 0.00000000e+00, 0.00000000e+00, 3.46000000e-04,
       5.19000000e-04, 0.00000000e+00, 1.73000000e-04, 0.00000000e+00,
       0.00000000e+00, 0.00000000e+00, 0.00000000e+00, 0.00000000e+00,
       0.00000000e+00, 0.00000000e+00, 0.00000000e+00, 3.63259000e-03,
       0.00000000e+00, 2.95796570e-02, 8.30306200e-03, 2.16225570e-02,
       1.79899670e-02, 2.92336970e-02, 1.02058470e-02, 1.57412210e-02,
       2.12765960e-02, 3.64988760e-02, 3.45960900e-03, 2.59470700e-03,
       2.24874590e-02, 1.33194950e-02, 1.48763190e-02, 2.47362050e-02,
       1.90278500e-02, 1.73000000e-04, 2.07576540e-02, 2.62930290e-02,
       3.99584850e-02, 7.09219900e-03, 1.08977690e-02, 1.76440060e-02,
       3.11364800e-03, 1.21086300e-03, 0.00000000e+00, 5.19000000e-04,
       8.65000000e-04, 5.19000000e-04, 0.00000000e+00]), array([0.29343405, 0.00348635, 0.03486345, 0.        , 0.00174317,
       0.        , 0.        , 0.        , 0.0040674 , 0.0040674 ,
       0.        , 0.        , 0.00987798, 0.0273097 , 0.01278327,
       0.01568855, 0.01336432, 0.00987798, 0.00581058, 0.0040674 ,
       0.01045904, 0.00348635, 0.000581  , 0.        , 0.0040674 ,
       0.00116212, 0.0151075 , 0.00581058, 0.00464846, 0.00639163,
       0.00464846, 0.000581  , 0.        , 0.        , 0.        ,
       0.00174317, 0.00290529, 0.00232423, 0.000581  , 0.000581  ,
       0.        , 0.00174317, 0.        , 0.00232423, 0.        ,
       0.        , 0.        , 0.        , 0.00116212, 0.        ,
       0.00116212, 0.00232423, 0.000581  , 0.        , 0.        ,
       0.0040674 , 0.        , 0.00116212, 0.000581  , 0.000581  ,
       0.        , 0.000581  , 0.        , 0.00871586, 0.        ,
       0.0273097 , 0.00813481, 0.03021499, 0.01975596, 0.04764672,
       0.00755375, 0.01452644, 0.00522952, 0.03253922, 0.00290529,
       0.01162115, 0.01685067, 0.02033701, 0.02847182, 0.0232423 ,
       0.01685067, 0.        , 0.03253922, 0.02672865, 0.04416037,
       0.01220221, 0.0151075 , 0.00290529, 0.00522952, 0.00697269,
       0.        , 0.00464846, 0.        , 0.0040674 , 0.        ])]
Common Instance for Type-1 Error
{34, 35, 69, 101, 78, 111, 80, 49, 94, 92, 93, 62, 95}
Common Instance for Type-2 Error
set()