KNN
Confusion Matrix:
 [[27 11]
 [17 64]]

Type-1 Error Instance:
[array([7.1309166e-02, 5.2538600e-04, 4.6233940e-02, 2.3881200e-04,
       0.0000000e+00, 8.5972200e-04, 4.5851840e-03, 1.2418210e-03,
       9.0748400e-04, 9.0748400e-04, 0.0000000e+00, 1.9104900e-04,
       2.3881170e-03, 4.7284710e-03, 1.1654010e-02, 2.8132015e-02,
       7.3554000e-03, 5.2538570e-03, 4.9195200e-03, 2.7224530e-03,
       3.9642740e-03, 2.5791660e-03, 2.2925920e-03, 2.5314040e-03,
       2.7702150e-03, 2.8179780e-03, 3.4866500e-03, 5.5404310e-03,
       2.6985719e-02, 3.0138033e-02, 2.6890194e-02, 1.7194440e-03,
       4.7800000e-05, 2.4358790e-03, 8.5972200e-04, 1.4328700e-03,
       1.4806320e-03, 1.9582560e-03, 1.2418210e-03, 1.9104900e-04,
       5.7314800e-04, 2.3881170e-03, 5.2538600e-04, 2.8657400e-04,
       9.5524700e-04, 1.4806320e-03, 1.2895830e-03, 9.5524700e-04,
       1.1940580e-03, 0.0000000e+00, 9.0748400e-04, 2.7702150e-03,
       1.8627310e-03, 8.1196000e-04, 7.1643500e-04, 5.2538600e-04,
       1.4328700e-04, 3.3433600e-04, 1.4328700e-04, 9.5500000e-05,
       0.0000000e+00, 9.5500000e-05, 0.0000000e+00, 3.3911260e-03,
       0.0000000e+00, 5.3637102e-02, 9.6479920e-03, 2.5170750e-02,
       2.9421598e-02, 5.3255003e-02, 9.0270810e-03, 9.1703680e-03,
       1.4089889e-02, 4.0693509e-02, 8.5972200e-04, 5.2538570e-03,
       3.2908249e-02, 2.3164732e-02, 3.0615656e-02, 3.3242585e-02,
       2.4167741e-02, 4.7762300e-04, 2.8514114e-02, 3.0711181e-02,
       5.9893968e-02, 8.8360320e-03, 1.2418207e-02, 1.2465969e-02,
       3.6299370e-03, 8.5016960e-03, 9.5524700e-04, 4.7762300e-04,
       0.0000000e+00, 4.7762300e-04, 0.0000000e+00]), array([0.06981787, 0.0017346 , 0.02775369, 0.02385082, 0.        ,
       0.        , 0.02862099, 0.        , 0.00130095, 0.00130095,
       0.        , 0.000434  , 0.00780572, 0.01344319, 0.01127493,
       0.02818734, 0.0169124 , 0.03512576, 0.00607112, 0.00477016,
       0.00867303, 0.00867303, 0.00737207, 0.00997398, 0.00607112,
       0.01084128, 0.00346921, 0.02254987, 0.0312229 , 0.02038161,
       0.0312229 , 0.000434  , 0.000867  , 0.00520382, 0.00260191,
       0.0017346 , 0.        , 0.00216826, 0.0017346 , 0.000434  ,
       0.00130095, 0.00260191, 0.00130095, 0.00130095, 0.0017346 ,
       0.00303556, 0.00130095, 0.0017346 , 0.000434  , 0.        ,
       0.00303556, 0.00433651, 0.00390286, 0.00346921, 0.000434  ,
       0.000434  , 0.        , 0.000867  , 0.        , 0.        ,
       0.        , 0.        , 0.        , 0.00390286, 0.        ,
       0.0481353 , 0.00997398, 0.0160451 , 0.02645273, 0.04249783,
       0.01821336, 0.01734605, 0.02341717, 0.04119688, 0.00130095,
       0.01040763, 0.02558543, 0.01170859, 0.03165655, 0.02558543,
       0.01908066, 0.000434  , 0.02818734, 0.02775369, 0.03729402,
       0.00954033, 0.01084128, 0.00607112, 0.0017346 , 0.00477016,
       0.000434  , 0.        , 0.        , 0.        , 0.        ]), array([0.04797104, 0.000151  , 0.0322824 , 0.00105597, 0.        ,
       0.00150852, 0.00814602, 0.        , 0.        , 0.        ,
       0.000302  , 0.0031679 , 0.00377131, 0.00482727, 0.01810228,
       0.03846734, 0.01508523, 0.00814602, 0.00392216, 0.00543068,
       0.00603409, 0.00301705, 0.00135767, 0.00452557, 0.00256449,
       0.0031679 , 0.00829688, 0.00497813, 0.04646251, 0.02458893,
       0.04661337, 0.00558154, 0.        , 0.00181023, 0.00150852,
       0.00709006, 0.00181023, 0.00301705, 0.00286619, 0.        ,
       0.000453  , 0.00226278, 0.000151  , 0.        , 0.000603  ,
       0.00165938, 0.00105597, 0.00452557, 0.00211193, 0.000151  ,
       0.00211193, 0.00181023, 0.00105597, 0.000151  , 0.000754  ,
       0.        , 0.000151  , 0.        , 0.        , 0.        ,
       0.        , 0.        , 0.        , 0.00241364, 0.        ,
       0.05913411, 0.02292955, 0.04404888, 0.03198069, 0.04736763,
       0.0126716 , 0.01749887, 0.01568864, 0.0389199 , 0.000754  ,
       0.00105597, 0.02820938, 0.01357671, 0.02760597, 0.04917785,
       0.01945995, 0.00422387, 0.04088098, 0.03032132, 0.0620003 ,
       0.01855483, 0.00482727, 0.0098054 , 0.00377131, 0.00422387,
       0.00165938, 0.        , 0.000603  , 0.        , 0.        ]), array([0.09248152, 0.000279  , 0.01004324, 0.000976  , 0.        ,
       0.000279  , 0.000418  , 0.000139  , 0.01366997, 0.01366997,
       0.        , 0.        , 0.0053006 , 0.01966802, 0.00781141,
       0.02217882, 0.00683498, 0.00906682, 0.00585856, 0.00627703,
       0.00641652, 0.00460315, 0.00571907, 0.00460315, 0.00334775,
       0.00390571, 0.000558  , 0.000558  , 0.03152462, 0.0212024 ,
       0.03152462, 0.000418  , 0.        , 0.02692147, 0.00557958,
       0.01032222, 0.00725345, 0.02496861, 0.00739294, 0.00376622,
       0.00348724, 0.02106291, 0.        , 0.        , 0.0277584 ,
       0.00446366, 0.02050495, 0.03347747, 0.02162087, 0.000139  ,
       0.00892733, 0.00725345, 0.02664249, 0.01618078, 0.01506486,
       0.00139489, 0.        , 0.000837  , 0.000139  , 0.000279  ,
       0.        , 0.000139  , 0.        , 0.        , 0.        ,
       0.04017297, 0.00320826, 0.01618078, 0.00976426, 0.03794114,
       0.00544009, 0.00669549, 0.00516111, 0.03054819, 0.000418  ,
       0.000837  , 0.01966802, 0.00836937, 0.02859534, 0.02357372,
       0.00906682, 0.000139  , 0.03012972, 0.02636351, 0.03110615,
       0.01101967, 0.00334775, 0.00376622, 0.000558  , 0.00697447,
       0.000558  , 0.        , 0.        , 0.        , 0.        ])]
Type-2 Error Instance:
[array([0.14050701, 0.00242718, 0.03451996, 0.        , 0.        ,
       0.00188781, 0.00404531, 0.01564185, 0.00027   , 0.00027   ,
       0.        , 0.        , 0.00161812, 0.01132686, 0.00566343,
       0.0167206 , 0.02022654, 0.00755124, 0.0062028 , 0.00539374,
       0.00027   , 0.00242718, 0.00107875, 0.00134844, 0.00269687,
       0.        , 0.        , 0.00027   , 0.02669903, 0.03398058,
       0.02669903, 0.000809  , 0.        , 0.00161812, 0.00323625,
       0.00161812, 0.00485437, 0.00350593, 0.00027   , 0.00323625,
       0.00674218, 0.00647249, 0.00027   , 0.        , 0.00107875,
       0.00161812, 0.        , 0.00161812, 0.        , 0.        ,
       0.00593312, 0.00188781, 0.00593312, 0.        , 0.        ,
       0.00323625, 0.        , 0.        , 0.        , 0.        ,
       0.        , 0.        , 0.        , 0.00593312, 0.        ,
       0.02804747, 0.01078749, 0.01806904, 0.02265372, 0.02588997,
       0.00458468, 0.01914779, 0.01213592, 0.03236246, 0.00134844,
       0.000809  , 0.0188781 , 0.01132686, 0.01968716, 0.01456311,
       0.01105717, 0.        , 0.01725998, 0.0188781 , 0.03425027,
       0.00350593, 0.00269687, 0.00593312, 0.        , 0.000539  ,
       0.        , 0.        , 0.        , 0.        , 0.        ]), array([0.06658522, 0.00091631, 0.04948076, 0.        , 0.        ,
       0.        , 0.        , 0.00610873, 0.00030544, 0.00030544,
       0.        , 0.00274893, 0.        , 0.0207697 , 0.00641417,
       0.02779475, 0.00274893, 0.00397068, 0.00488699, 0.00213806,
       0.00152718, 0.00122175, 0.00152718, 0.00152718, 0.00183262,
       0.00183262, 0.00397068, 0.00427611, 0.03359804, 0.02748931,
       0.03359804, 0.00030544, 0.        , 0.00030544, 0.00091631,
       0.00061087, 0.        , 0.00030544, 0.00030544, 0.00030544,
       0.00061087, 0.00030544, 0.        , 0.        , 0.        ,
       0.        , 0.00061087, 0.        , 0.00030544, 0.00122175,
       0.        , 0.        , 0.00030544, 0.00030544, 0.        ,
       0.        , 0.        , 0.00030544, 0.        , 0.00122175,
       0.        , 0.00122175, 0.        , 0.00091631, 0.        ,
       0.0565058 , 0.00549786, 0.0299328 , 0.02810018, 0.06627978,
       0.00824679, 0.01099572, 0.02199145, 0.04092853, 0.00152718,
       0.00183262, 0.03176542, 0.0174099 , 0.03329261, 0.02687844,
       0.02443494, 0.        , 0.0415394 , 0.05833842, 0.04215028,
       0.01038485, 0.01099572, 0.01007941, 0.00213806, 0.00977398,
       0.00366524, 0.        , 0.        , 0.        , 0.        ]), array([0.00146199, 0.        , 0.00292398, 0.        , 0.        ,
       0.        , 0.01900585, 0.        , 0.        , 0.        ,
       0.        , 0.        , 0.        , 0.        , 0.        ,
       0.03216374, 0.        , 0.        , 0.000731  , 0.        ,
       0.        , 0.        , 0.        , 0.        , 0.        ,
       0.        , 0.        , 0.01900585, 0.06432749, 0.00146199,
       0.06432749, 0.        , 0.00146199, 0.01096491, 0.00804094,
       0.000731  , 0.        , 0.        , 0.        , 0.        ,
       0.        , 0.00146199, 0.        , 0.000731  , 0.00292398,
       0.000731  , 0.000731  , 0.00511696, 0.000731  , 0.        ,
       0.00146199, 0.000731  , 0.000731  , 0.        , 0.00292398,
       0.        , 0.00219298, 0.        , 0.00146199, 0.00146199,
       0.        , 0.000731  , 0.        , 0.        , 0.        ,
       0.000731  , 0.02266082, 0.00438597, 0.00438597, 0.000731  ,
       0.        , 0.00146199, 0.000731  , 0.00438597, 0.        ,
       0.        , 0.00146199, 0.000731  , 0.01973684, 0.000731  ,
       0.08552632, 0.000731  , 0.00219298, 0.02046784, 0.00219298,
       0.00146199, 0.00730994, 0.        , 0.00438597, 0.000731  ,
       0.00365497, 0.00146199, 0.        , 0.        , 0.        ]), array([3.90093762e-01, 8.26000000e-04, 3.45692380e-02, 6.27000000e-04,
       0.00000000e+00, 2.16592100e-03, 1.31095200e-03, 7.46672700e-03,
       7.69000000e-04, 7.69000000e-04, 1.14000000e-04, 0.00000000e+00,
       6.55000000e-04, 5.61429500e-03, 1.03451220e-02, 2.47370970e-02,
       1.63584030e-02, 7.83721400e-03, 6.52626200e-03, 3.10638700e-03,
       3.61936800e-03, 2.50790800e-03, 2.90689400e-03, 2.39391300e-03,
       1.93792900e-03, 2.25141800e-03, 3.41987500e-03, 3.59086900e-03,
       3.14913510e-02, 2.39676250e-02, 3.14343530e-02, 1.33945100e-03,
       0.00000000e+00, 5.70000000e-05, 2.85000000e-05, 1.08296000e-03,
       3.99000000e-04, 2.85000000e-05, 2.85000000e-05, 0.00000000e+00,
       2.85000000e-05, 0.00000000e+00, 0.00000000e+00, 0.00000000e+00,
       2.85000000e-05, 2.85000000e-05, 2.85000000e-05, 2.85000000e-05,
       0.00000000e+00, 0.00000000e+00, 0.00000000e+00, 1.14000000e-04,
       8.55000000e-05, 8.55000000e-05, 0.00000000e+00, 0.00000000e+00,
       0.00000000e+00, 2.85000000e-05, 0.00000000e+00, 2.85000000e-05,
       0.00000000e+00, 2.85000000e-05, 0.00000000e+00, 5.41480200e-03,
       0.00000000e+00, 2.21721910e-02, 9.14816600e-03, 1.10290970e-02,
       2.92684320e-02, 2.72165070e-02, 5.04431600e-03, 1.78973470e-02,
       1.81823360e-02, 2.44806060e-02, 1.48194600e-03, 1.56744300e-03,
       2.15737130e-02, 7.78021600e-03, 1.47054630e-02, 1.08866030e-02,
       1.62444070e-02, 0.00000000e+00, 2.45376040e-02, 1.21120580e-02,
       4.58548260e-02, 2.65040300e-03, 2.02342600e-03, 6.75425300e-03,
       3.10638700e-03, 3.07788800e-03, 3.13000000e-04, 1.14000000e-04,
       5.70000000e-05, 1.14000000e-04, 0.00000000e+00])]SVM with linear kernel
Confusion Matrix:
 [[ 0 38]
 [ 0 81]]

Type-1 Error Instance:
[array([9.4267693e-02, 2.7700000e-04, 3.4241353e-02, 2.7700000e-04,
       0.0000000e+00, 3.4700000e-04, 0.0000000e+00, 3.0498370e-03,
       3.4657240e-03, 3.6736670e-03, 0.0000000e+00, 0.0000000e+00,
       1.8021760e-03, 1.6566161e-02, 1.5665072e-02, 2.6824704e-02,
       3.2577810e-03, 3.2577810e-03, 1.9408050e-03, 1.0397170e-03,
       1.1090320e-03, 2.2180630e-03, 9.0100000e-04, 9.0100000e-04,
       2.7700000e-04, 1.3862900e-03, 6.7235050e-03, 4.8520140e-03,
       3.3478894e-02, 1.7120677e-02, 3.3478894e-02, 0.0000000e+00,
       0.0000000e+00, 3.9509250e-03, 1.1090320e-03, 9.0100000e-04,
       4.1600000e-04, 3.1884660e-03, 1.9408050e-03, 4.8500000e-04,
       2.1487490e-03, 4.3668120e-03, 7.6200000e-04, 1.1090320e-03,
       9.0100000e-04, 1.6635480e-03, 3.6043530e-03, 3.0498370e-03,
       1.5942330e-03, 2.7700000e-04, 3.1191520e-03, 3.1884660e-03,
       2.2873780e-03, 1.5942330e-03, 1.4556040e-03, 2.0800000e-04,
       6.9300000e-05, 5.5500000e-04, 4.8500000e-04, 0.0000000e+00,
       0.0000000e+00, 0.0000000e+00, 0.0000000e+00, 4.0202400e-03,
       0.0000000e+00, 4.6648645e-02, 3.8122960e-03, 1.1783462e-02,
       1.5526443e-02, 3.4241353e-02, 1.4902613e-02, 1.3862896e-02,
       1.6774104e-02, 4.6579330e-02, 3.1884660e-03, 7.3473350e-03,
       3.6112844e-02, 1.8714910e-02, 3.4449296e-02, 3.4934498e-02,
       1.2476606e-02, 0.0000000e+00, 2.7448534e-02, 4.0063769e-02,
       4.1450059e-02, 1.3377695e-02, 6.4462470e-03, 3.8122960e-03,
       1.3169750e-03, 7.6939070e-03, 1.5249190e-03, 0.0000000e+00,
       0.0000000e+00, 0.0000000e+00, 0.0000000e+00]), array([0.11654299, 0.00174596, 0.06460061, 0.00261894, 0.        ,
       0.00109123, 0.0024007 , 0.00436491, 0.        , 0.        ,
       0.        , 0.00218245, 0.        , 0.01505893, 0.01309472,
       0.02531646, 0.01003928, 0.00611087, 0.0048014 , 0.00130947,
       0.000218  , 0.00152772, 0.00109123, 0.00218245, 0.00196421,
       0.000218  , 0.0024007 , 0.00589262, 0.03120908, 0.03666521,
       0.03120908, 0.00109123, 0.        , 0.00196421, 0.00109123,
       0.00501964, 0.00327368, 0.00392842, 0.00283719, 0.        ,
       0.000873  , 0.000436  , 0.        , 0.        , 0.00152772,
       0.00109123, 0.00196421, 0.000655  , 0.000218  , 0.        ,
       0.00261894, 0.00458315, 0.000218  , 0.00130947, 0.00218245,
       0.000436  , 0.000436  , 0.        , 0.        , 0.        ,
       0.        , 0.        , 0.        , 0.000436  , 0.        ,
       0.03753819, 0.01964208, 0.02138804, 0.02859013, 0.06460061,
       0.01222174, 0.01767787, 0.01680489, 0.04539502, 0.        ,
       0.00632911, 0.0211698 , 0.011567  , 0.02968136, 0.03251855,
       0.01440419, 0.000218  , 0.04343082, 0.02728066, 0.05805325,
       0.01418595, 0.00632911, 0.01265823, 0.00196421, 0.00436491,
       0.00218245, 0.        , 0.        , 0.        , 0.        ]), array([3.74338383e-01, 0.00000000e+00, 4.38036140e-02, 1.46012000e-03,
       0.00000000e+00, 0.00000000e+00, 9.13000000e-04, 1.09509000e-03,
       3.65000000e-04, 3.65000000e-04, 0.00000000e+00, 0.00000000e+00,
       5.48000000e-04, 2.55521100e-03, 4.56287600e-03, 2.37269570e-02,
       7.30060200e-03, 6.20551200e-03, 4.01533100e-03, 2.55521100e-03,
       1.09509000e-03, 2.55521100e-03, 1.46012000e-03, 1.27760500e-03,
       1.64263600e-03, 1.09509000e-03, 5.48000000e-04, 9.13000000e-04,
       3.10275600e-02, 2.57346230e-02, 3.10275600e-02, 0.00000000e+00,
       0.00000000e+00, 0.00000000e+00, 1.83000000e-04, 3.65000000e-04,
       0.00000000e+00, 1.83000000e-04, 5.65796700e-03, 5.48000000e-04,
       0.00000000e+00, 7.30000000e-04, 0.00000000e+00, 0.00000000e+00,
       7.30000000e-04, 3.65000000e-04, 0.00000000e+00, 0.00000000e+00,
       0.00000000e+00, 0.00000000e+00, 0.00000000e+00, 0.00000000e+00,
       1.46012000e-03, 1.83000000e-04, 0.00000000e+00, 7.30000000e-04,
       0.00000000e+00, 0.00000000e+00, 0.00000000e+00, 0.00000000e+00,
       0.00000000e+00, 0.00000000e+00, 0.00000000e+00, 2.00766600e-03,
       0.00000000e+00, 2.33619270e-02, 8.21317800e-03, 1.33235990e-02,
       2.22668370e-02, 2.68297130e-02, 4.19784600e-03, 1.75214460e-02,
       1.58788100e-02, 2.37269570e-02, 1.27760500e-03, 1.09509000e-03,
       1.82515060e-02, 8.39569300e-03, 1.56962950e-02, 1.47837200e-02,
       1.31410840e-02, 1.83000000e-04, 2.00766560e-02, 1.67913850e-02,
       4.08833730e-02, 5.47545200e-03, 5.11042200e-03, 8.03066300e-03,
       1.82515100e-03, 2.55521100e-03, 5.48000000e-04, 0.00000000e+00,
       0.00000000e+00, 0.00000000e+00, 0.00000000e+00]), array([1.30798346e-01, 1.50000000e-04, 2.84873450e-02, 8.34000000e-06,
       8.00000000e-04, 5.59000000e-04, 4.82709200e-03, 7.31983900e-03,
       1.05879200e-03, 1.05879200e-03, 7.17000000e-04, 8.17000000e-04,
       3.21806100e-03, 2.45439690e-02, 1.47230470e-02, 2.67199120e-02,
       8.91219500e-03, 1.10798010e-02, 6.82795900e-03, 3.86834300e-03,
       2.44272500e-03, 5.14389600e-03, 1.79244300e-03, 9.34000000e-04,
       3.18471300e-03, 1.82579100e-03, 6.88631700e-03, 1.64237800e-03,
       1.54233500e-02, 2.00086700e-02, 1.54233500e-02, 1.13382500e-03,
       0.00000000e+00, 1.80911700e-03, 7.34000000e-04, 1.77577000e-03,
       1.65071500e-03, 5.92000000e-04, 6.50000000e-04, 4.42000000e-04,
       1.67000000e-04, 4.00000000e-04, 1.33000000e-04, 2.50000000e-05,
       1.65071500e-03, 9.34000000e-04, 7.75000000e-04, 1.65905200e-03,
       1.70073700e-03, 9.17000000e-05, 1.10881400e-03, 8.67000000e-04,
       7.34000000e-04, 1.08380300e-03, 6.92000000e-04, 1.33000000e-04,
       2.50000000e-05, 8.34000000e-06, 3.33000000e-05, 1.42000000e-04,
       0.00000000e+00, 1.33000000e-04, 0.00000000e+00, 4.01840800e-03,
       0.00000000e+00, 5.21559340e-02, 9.62083600e-03, 3.31060130e-02,
       2.21512660e-02, 4.70370490e-02, 6.96135000e-03, 1.34058090e-02,
       1.98502680e-02, 4.65535070e-02, 1.02544400e-03, 2.79287700e-03,
       3.20972420e-02, 2.42271650e-02, 1.89498780e-02, 5.16974020e-02,
       2.06172670e-02, 1.22553100e-03, 3.78330610e-02, 4.33521190e-02,
       4.45526390e-02, 1.84746720e-02, 9.71254200e-03, 3.71827800e-03,
       1.93417100e-03, 3.16803900e-03, 1.00877000e-03, 3.08000000e-04,
       2.50000000e-05, 3.00000000e-04, 0.00000000e+00])]
Type-2 Error Instance:
[]SVM with RBF kernel
Confusion Matrix:
 [[ 6 32]
 [ 2 79]]

Type-1 Error Instance:
[array([9.4267693e-02, 2.7700000e-04, 3.4241353e-02, 2.7700000e-04,
       0.0000000e+00, 3.4700000e-04, 0.0000000e+00, 3.0498370e-03,
       3.4657240e-03, 3.6736670e-03, 0.0000000e+00, 0.0000000e+00,
       1.8021760e-03, 1.6566161e-02, 1.5665072e-02, 2.6824704e-02,
       3.2577810e-03, 3.2577810e-03, 1.9408050e-03, 1.0397170e-03,
       1.1090320e-03, 2.2180630e-03, 9.0100000e-04, 9.0100000e-04,
       2.7700000e-04, 1.3862900e-03, 6.7235050e-03, 4.8520140e-03,
       3.3478894e-02, 1.7120677e-02, 3.3478894e-02, 0.0000000e+00,
       0.0000000e+00, 3.9509250e-03, 1.1090320e-03, 9.0100000e-04,
       4.1600000e-04, 3.1884660e-03, 1.9408050e-03, 4.8500000e-04,
       2.1487490e-03, 4.3668120e-03, 7.6200000e-04, 1.1090320e-03,
       9.0100000e-04, 1.6635480e-03, 3.6043530e-03, 3.0498370e-03,
       1.5942330e-03, 2.7700000e-04, 3.1191520e-03, 3.1884660e-03,
       2.2873780e-03, 1.5942330e-03, 1.4556040e-03, 2.0800000e-04,
       6.9300000e-05, 5.5500000e-04, 4.8500000e-04, 0.0000000e+00,
       0.0000000e+00, 0.0000000e+00, 0.0000000e+00, 4.0202400e-03,
       0.0000000e+00, 4.6648645e-02, 3.8122960e-03, 1.1783462e-02,
       1.5526443e-02, 3.4241353e-02, 1.4902613e-02, 1.3862896e-02,
       1.6774104e-02, 4.6579330e-02, 3.1884660e-03, 7.3473350e-03,
       3.6112844e-02, 1.8714910e-02, 3.4449296e-02, 3.4934498e-02,
       1.2476606e-02, 0.0000000e+00, 2.7448534e-02, 4.0063769e-02,
       4.1450059e-02, 1.3377695e-02, 6.4462470e-03, 3.8122960e-03,
       1.3169750e-03, 7.6939070e-03, 1.5249190e-03, 0.0000000e+00,
       0.0000000e+00, 0.0000000e+00, 0.0000000e+00]), array([0.11654299, 0.00174596, 0.06460061, 0.00261894, 0.        ,
       0.00109123, 0.0024007 , 0.00436491, 0.        , 0.        ,
       0.        , 0.00218245, 0.        , 0.01505893, 0.01309472,
       0.02531646, 0.01003928, 0.00611087, 0.0048014 , 0.00130947,
       0.000218  , 0.00152772, 0.00109123, 0.00218245, 0.00196421,
       0.000218  , 0.0024007 , 0.00589262, 0.03120908, 0.03666521,
       0.03120908, 0.00109123, 0.        , 0.00196421, 0.00109123,
       0.00501964, 0.00327368, 0.00392842, 0.00283719, 0.        ,
       0.000873  , 0.000436  , 0.        , 0.        , 0.00152772,
       0.00109123, 0.00196421, 0.000655  , 0.000218  , 0.        ,
       0.00261894, 0.00458315, 0.000218  , 0.00130947, 0.00218245,
       0.000436  , 0.000436  , 0.        , 0.        , 0.        ,
       0.        , 0.        , 0.        , 0.000436  , 0.        ,
       0.03753819, 0.01964208, 0.02138804, 0.02859013, 0.06460061,
       0.01222174, 0.01767787, 0.01680489, 0.04539502, 0.        ,
       0.00632911, 0.0211698 , 0.011567  , 0.02968136, 0.03251855,
       0.01440419, 0.000218  , 0.04343082, 0.02728066, 0.05805325,
       0.01418595, 0.00632911, 0.01265823, 0.00196421, 0.00436491,
       0.00218245, 0.        , 0.        , 0.        , 0.        ]), array([3.74338383e-01, 0.00000000e+00, 4.38036140e-02, 1.46012000e-03,
       0.00000000e+00, 0.00000000e+00, 9.13000000e-04, 1.09509000e-03,
       3.65000000e-04, 3.65000000e-04, 0.00000000e+00, 0.00000000e+00,
       5.48000000e-04, 2.55521100e-03, 4.56287600e-03, 2.37269570e-02,
       7.30060200e-03, 6.20551200e-03, 4.01533100e-03, 2.55521100e-03,
       1.09509000e-03, 2.55521100e-03, 1.46012000e-03, 1.27760500e-03,
       1.64263600e-03, 1.09509000e-03, 5.48000000e-04, 9.13000000e-04,
       3.10275600e-02, 2.57346230e-02, 3.10275600e-02, 0.00000000e+00,
       0.00000000e+00, 0.00000000e+00, 1.83000000e-04, 3.65000000e-04,
       0.00000000e+00, 1.83000000e-04, 5.65796700e-03, 5.48000000e-04,
       0.00000000e+00, 7.30000000e-04, 0.00000000e+00, 0.00000000e+00,
       7.30000000e-04, 3.65000000e-04, 0.00000000e+00, 0.00000000e+00,
       0.00000000e+00, 0.00000000e+00, 0.00000000e+00, 0.00000000e+00,
       1.46012000e-03, 1.83000000e-04, 0.00000000e+00, 7.30000000e-04,
       0.00000000e+00, 0.00000000e+00, 0.00000000e+00, 0.00000000e+00,
       0.00000000e+00, 0.00000000e+00, 0.00000000e+00, 2.00766600e-03,
       0.00000000e+00, 2.33619270e-02, 8.21317800e-03, 1.33235990e-02,
       2.22668370e-02, 2.68297130e-02, 4.19784600e-03, 1.75214460e-02,
       1.58788100e-02, 2.37269570e-02, 1.27760500e-03, 1.09509000e-03,
       1.82515060e-02, 8.39569300e-03, 1.56962950e-02, 1.47837200e-02,
       1.31410840e-02, 1.83000000e-04, 2.00766560e-02, 1.67913850e-02,
       4.08833730e-02, 5.47545200e-03, 5.11042200e-03, 8.03066300e-03,
       1.82515100e-03, 2.55521100e-03, 5.48000000e-04, 0.00000000e+00,
       0.00000000e+00, 0.00000000e+00, 0.00000000e+00]), array([1.30798346e-01, 1.50000000e-04, 2.84873450e-02, 8.34000000e-06,
       8.00000000e-04, 5.59000000e-04, 4.82709200e-03, 7.31983900e-03,
       1.05879200e-03, 1.05879200e-03, 7.17000000e-04, 8.17000000e-04,
       3.21806100e-03, 2.45439690e-02, 1.47230470e-02, 2.67199120e-02,
       8.91219500e-03, 1.10798010e-02, 6.82795900e-03, 3.86834300e-03,
       2.44272500e-03, 5.14389600e-03, 1.79244300e-03, 9.34000000e-04,
       3.18471300e-03, 1.82579100e-03, 6.88631700e-03, 1.64237800e-03,
       1.54233500e-02, 2.00086700e-02, 1.54233500e-02, 1.13382500e-03,
       0.00000000e+00, 1.80911700e-03, 7.34000000e-04, 1.77577000e-03,
       1.65071500e-03, 5.92000000e-04, 6.50000000e-04, 4.42000000e-04,
       1.67000000e-04, 4.00000000e-04, 1.33000000e-04, 2.50000000e-05,
       1.65071500e-03, 9.34000000e-04, 7.75000000e-04, 1.65905200e-03,
       1.70073700e-03, 9.17000000e-05, 1.10881400e-03, 8.67000000e-04,
       7.34000000e-04, 1.08380300e-03, 6.92000000e-04, 1.33000000e-04,
       2.50000000e-05, 8.34000000e-06, 3.33000000e-05, 1.42000000e-04,
       0.00000000e+00, 1.33000000e-04, 0.00000000e+00, 4.01840800e-03,
       0.00000000e+00, 5.21559340e-02, 9.62083600e-03, 3.31060130e-02,
       2.21512660e-02, 4.70370490e-02, 6.96135000e-03, 1.34058090e-02,
       1.98502680e-02, 4.65535070e-02, 1.02544400e-03, 2.79287700e-03,
       3.20972420e-02, 2.42271650e-02, 1.89498780e-02, 5.16974020e-02,
       2.06172670e-02, 1.22553100e-03, 3.78330610e-02, 4.33521190e-02,
       4.45526390e-02, 1.84746720e-02, 9.71254200e-03, 3.71827800e-03,
       1.93417100e-03, 3.16803900e-03, 1.00877000e-03, 3.08000000e-04,
       2.50000000e-05, 3.00000000e-04, 0.00000000e+00])]
Type-2 Error Instance:
[array([3.96297164e-01, 1.40614000e-03, 2.15608160e-02, 4.69000000e-05,
       1.87000000e-04, 1.17178300e-03, 3.23412200e-03, 1.68736800e-03,
       6.56000000e-04, 9.37000000e-04, 1.87000000e-04, 3.75000000e-04,
       4.31216300e-03, 6.37450200e-03, 5.95266000e-03, 1.80454650e-02,
       7.21818600e-03, 4.82774800e-03, 6.18701700e-03, 8.62432600e-03,
       2.34356700e-03, 4.21842000e-03, 2.20295300e-03, 4.96836200e-03,
       1.31239700e-03, 1.35926900e-03, 2.15608200e-03, 6.09327400e-03,
       1.77642370e-02, 1.54675420e-02, 1.77642370e-02, 1.35926900e-03,
       0.00000000e+00, 1.49988300e-03, 1.31239700e-03, 1.87000000e-04,
       2.57792400e-03, 4.69000000e-04, 4.69000000e-05, 1.59362500e-03,
       1.87000000e-04, 7.03000000e-04, 1.87000000e-04, 3.28000000e-04,
       3.75000000e-04, 2.06233900e-03, 1.54675400e-03, 1.41000000e-04,
       2.10921000e-03, 2.34000000e-04, 4.69000000e-05, 1.49988300e-03,
       6.09000000e-04, 6.56000000e-04, 6.09000000e-04, 1.54675400e-03,
       7.50000000e-04, 5.62000000e-04, 1.40614000e-03, 9.37000000e-05,
       0.00000000e+00, 9.37000000e-05, 0.00000000e+00, 5.39020400e-03,
       0.00000000e+00, 3.42629480e-02, 7.35880000e-03, 1.70142960e-02,
       2.11389740e-02, 3.87625970e-02, 5.43707500e-03, 6.84321500e-03,
       1.27958750e-02, 3.03726270e-02, 1.54675400e-03, 4.40590600e-03,
       2.11389740e-02, 1.49519570e-02, 2.38106400e-02, 1.30302320e-02,
       1.92641200e-02, 0.00000000e+00, 2.55917510e-02, 2.84977740e-02,
       2.70916330e-02, 8.24935600e-03, 8.29622700e-03, 3.89032100e-03,
       4.54652000e-03, 4.87461900e-03, 3.32786500e-03, 4.69000000e-05,
       1.41000000e-04, 4.69000000e-05, 0.00000000e+00]), array([4.42968305e-01, 1.89789300e-03, 5.27614350e-02, 1.90000000e-04,
       0.00000000e+00, 1.51831500e-03, 1.89789300e-03, 0.00000000e+00,
       0.00000000e+00, 0.00000000e+00, 0.00000000e+00, 0.00000000e+00,
       0.00000000e+00, 7.97115200e-03, 3.60599700e-03, 1.72708290e-02,
       1.15771490e-02, 1.02486240e-02, 3.22641900e-03, 3.22641900e-03,
       1.32852500e-03, 4.36515500e-03, 2.84684000e-03, 2.08768300e-03,
       9.49000000e-04, 2.46726100e-03, 3.80000000e-04, 1.51831500e-03,
       2.65705070e-02, 2.67602960e-02, 2.65705070e-02, 0.00000000e+00,
       0.00000000e+00, 0.00000000e+00, 1.90000000e-04, 7.59000000e-04,
       1.89789300e-03, 7.59000000e-04, 1.51831500e-03, 3.80000000e-04,
       0.00000000e+00, 3.80000000e-04, 0.00000000e+00, 0.00000000e+00,
       1.89789300e-03, 0.00000000e+00, 0.00000000e+00, 0.00000000e+00,
       0.00000000e+00, 0.00000000e+00, 0.00000000e+00, 0.00000000e+00,
       1.51831500e-03, 0.00000000e+00, 0.00000000e+00, 1.89789300e-03,
       3.80000000e-04, 0.00000000e+00, 0.00000000e+00, 0.00000000e+00,
       0.00000000e+00, 0.00000000e+00, 0.00000000e+00, 3.22641900e-03,
       0.00000000e+00, 2.41032450e-02, 1.02486240e-02, 9.86904500e-03,
       2.88479790e-02, 2.42930350e-02, 9.49000000e-04, 2.12564050e-02,
       1.85993550e-02, 2.71398750e-02, 3.03662900e-03, 1.51831500e-03,
       1.87891440e-02, 8.54052000e-03, 1.42342000e-02, 1.17669390e-02,
       1.65116720e-02, 3.80000000e-04, 1.61320930e-02, 1.00588350e-02,
       4.02353390e-02, 3.98557600e-03, 6.07325900e-03, 8.73030900e-03,
       5.69000000e-04, 3.03662900e-03, 0.00000000e+00, 0.00000000e+00,
       0.00000000e+00, 0.00000000e+00, 0.00000000e+00])]MLP
Confusion Matrix:
 [[16 22]
 [ 6 75]]

Type-1 Error Instance:
[array([0.11654299, 0.00174596, 0.06460061, 0.00261894, 0.        ,
       0.00109123, 0.0024007 , 0.00436491, 0.        , 0.        ,
       0.        , 0.00218245, 0.        , 0.01505893, 0.01309472,
       0.02531646, 0.01003928, 0.00611087, 0.0048014 , 0.00130947,
       0.000218  , 0.00152772, 0.00109123, 0.00218245, 0.00196421,
       0.000218  , 0.0024007 , 0.00589262, 0.03120908, 0.03666521,
       0.03120908, 0.00109123, 0.        , 0.00196421, 0.00109123,
       0.00501964, 0.00327368, 0.00392842, 0.00283719, 0.        ,
       0.000873  , 0.000436  , 0.        , 0.        , 0.00152772,
       0.00109123, 0.00196421, 0.000655  , 0.000218  , 0.        ,
       0.00261894, 0.00458315, 0.000218  , 0.00130947, 0.00218245,
       0.000436  , 0.000436  , 0.        , 0.        , 0.        ,
       0.        , 0.        , 0.        , 0.000436  , 0.        ,
       0.03753819, 0.01964208, 0.02138804, 0.02859013, 0.06460061,
       0.01222174, 0.01767787, 0.01680489, 0.04539502, 0.        ,
       0.00632911, 0.0211698 , 0.011567  , 0.02968136, 0.03251855,
       0.01440419, 0.000218  , 0.04343082, 0.02728066, 0.05805325,
       0.01418595, 0.00632911, 0.01265823, 0.00196421, 0.00436491,
       0.00218245, 0.        , 0.        , 0.        , 0.        ]), array([3.74338383e-01, 0.00000000e+00, 4.38036140e-02, 1.46012000e-03,
       0.00000000e+00, 0.00000000e+00, 9.13000000e-04, 1.09509000e-03,
       3.65000000e-04, 3.65000000e-04, 0.00000000e+00, 0.00000000e+00,
       5.48000000e-04, 2.55521100e-03, 4.56287600e-03, 2.37269570e-02,
       7.30060200e-03, 6.20551200e-03, 4.01533100e-03, 2.55521100e-03,
       1.09509000e-03, 2.55521100e-03, 1.46012000e-03, 1.27760500e-03,
       1.64263600e-03, 1.09509000e-03, 5.48000000e-04, 9.13000000e-04,
       3.10275600e-02, 2.57346230e-02, 3.10275600e-02, 0.00000000e+00,
       0.00000000e+00, 0.00000000e+00, 1.83000000e-04, 3.65000000e-04,
       0.00000000e+00, 1.83000000e-04, 5.65796700e-03, 5.48000000e-04,
       0.00000000e+00, 7.30000000e-04, 0.00000000e+00, 0.00000000e+00,
       7.30000000e-04, 3.65000000e-04, 0.00000000e+00, 0.00000000e+00,
       0.00000000e+00, 0.00000000e+00, 0.00000000e+00, 0.00000000e+00,
       1.46012000e-03, 1.83000000e-04, 0.00000000e+00, 7.30000000e-04,
       0.00000000e+00, 0.00000000e+00, 0.00000000e+00, 0.00000000e+00,
       0.00000000e+00, 0.00000000e+00, 0.00000000e+00, 2.00766600e-03,
       0.00000000e+00, 2.33619270e-02, 8.21317800e-03, 1.33235990e-02,
       2.22668370e-02, 2.68297130e-02, 4.19784600e-03, 1.75214460e-02,
       1.58788100e-02, 2.37269570e-02, 1.27760500e-03, 1.09509000e-03,
       1.82515060e-02, 8.39569300e-03, 1.56962950e-02, 1.47837200e-02,
       1.31410840e-02, 1.83000000e-04, 2.00766560e-02, 1.67913850e-02,
       4.08833730e-02, 5.47545200e-03, 5.11042200e-03, 8.03066300e-03,
       1.82515100e-03, 2.55521100e-03, 5.48000000e-04, 0.00000000e+00,
       0.00000000e+00, 0.00000000e+00, 0.00000000e+00]), array([0.02005231, 0.00784656, 0.03225807, 0.        , 0.        ,
       0.        , 0.        , 0.        , 0.        , 0.        ,
       0.        , 0.        , 0.        , 0.03487358, 0.00610288,
       0.02441151, 0.01220575, 0.00610288, 0.00174368, 0.00348736,
       0.000872  , 0.0043592 , 0.000872  , 0.000872  , 0.        ,
       0.00174368, 0.00174368, 0.        , 0.04882302, 0.01656495,
       0.04882302, 0.000872  , 0.01046207, 0.00174368, 0.0043592 ,
       0.        , 0.00174368, 0.00174368, 0.00610288, 0.000872  ,
       0.00348736, 0.        , 0.        , 0.000872  , 0.        ,
       0.000872  , 0.00348736, 0.        , 0.        , 0.        ,
       0.00261552, 0.00610288, 0.000872  , 0.        , 0.000872  ,
       0.        , 0.00348736, 0.000872  , 0.        , 0.00348736,
       0.000872  , 0.        , 0.00174368, 0.00174368, 0.000872  ,
       0.01482127, 0.02266783, 0.01220575, 0.01394943, 0.03836094,
       0.00610288, 0.0043592 , 0.01220575, 0.01656495, 0.000872  ,
       0.00610288, 0.01046207, 0.0087184 , 0.01830863, 0.01830863,
       0.00348736, 0.000872  , 0.03574542, 0.00523104, 0.04010462,
       0.0087184 , 0.00174368, 0.0087184 , 0.00261552, 0.00348736,
       0.00348736, 0.00174368, 0.        , 0.        , 0.        ]), array([7.1309166e-02, 5.2538600e-04, 4.6233940e-02, 2.3881200e-04,
       0.0000000e+00, 8.5972200e-04, 4.5851840e-03, 1.2418210e-03,
       9.0748400e-04, 9.0748400e-04, 0.0000000e+00, 1.9104900e-04,
       2.3881170e-03, 4.7284710e-03, 1.1654010e-02, 2.8132015e-02,
       7.3554000e-03, 5.2538570e-03, 4.9195200e-03, 2.7224530e-03,
       3.9642740e-03, 2.5791660e-03, 2.2925920e-03, 2.5314040e-03,
       2.7702150e-03, 2.8179780e-03, 3.4866500e-03, 5.5404310e-03,
       2.6985719e-02, 3.0138033e-02, 2.6890194e-02, 1.7194440e-03,
       4.7800000e-05, 2.4358790e-03, 8.5972200e-04, 1.4328700e-03,
       1.4806320e-03, 1.9582560e-03, 1.2418210e-03, 1.9104900e-04,
       5.7314800e-04, 2.3881170e-03, 5.2538600e-04, 2.8657400e-04,
       9.5524700e-04, 1.4806320e-03, 1.2895830e-03, 9.5524700e-04,
       1.1940580e-03, 0.0000000e+00, 9.0748400e-04, 2.7702150e-03,
       1.8627310e-03, 8.1196000e-04, 7.1643500e-04, 5.2538600e-04,
       1.4328700e-04, 3.3433600e-04, 1.4328700e-04, 9.5500000e-05,
       0.0000000e+00, 9.5500000e-05, 0.0000000e+00, 3.3911260e-03,
       0.0000000e+00, 5.3637102e-02, 9.6479920e-03, 2.5170750e-02,
       2.9421598e-02, 5.3255003e-02, 9.0270810e-03, 9.1703680e-03,
       1.4089889e-02, 4.0693509e-02, 8.5972200e-04, 5.2538570e-03,
       3.2908249e-02, 2.3164732e-02, 3.0615656e-02, 3.3242585e-02,
       2.4167741e-02, 4.7762300e-04, 2.8514114e-02, 3.0711181e-02,
       5.9893968e-02, 8.8360320e-03, 1.2418207e-02, 1.2465969e-02,
       3.6299370e-03, 8.5016960e-03, 9.5524700e-04, 4.7762300e-04,
       0.0000000e+00, 4.7762300e-04, 0.0000000e+00])]
Type-2 Error Instance:
[array([0.02702703, 0.        , 0.        , 0.        , 0.        ,
       0.        , 0.        , 0.        , 0.        , 0.        ,
       0.        , 0.        , 0.        , 0.        , 0.16216216,
       0.05405405, 0.        , 0.        , 0.        , 0.        ,
       0.        , 0.        , 0.        , 0.        , 0.        ,
       0.        , 0.        , 0.        , 0.08108108, 0.        ,
       0.08108108, 0.        , 0.        , 0.        , 0.05405405,
       0.        , 0.05405405, 0.        , 0.        , 0.        ,
       0.02702703, 0.        , 0.        , 0.        , 0.05405405,
       0.02702703, 0.02702703, 0.05405405, 0.        , 0.        ,
       0.        , 0.        , 0.02702703, 0.        , 0.        ,
       0.        , 0.        , 0.05405405, 0.        , 0.        ,
       0.        , 0.        , 0.        , 0.        , 0.        ,
       0.02702703, 0.        , 0.        , 0.02702703, 0.        ,
       0.        , 0.02702703, 0.        , 0.02702703, 0.        ,
       0.        , 0.        , 0.        , 0.02702703, 0.05405405,
       0.        , 0.        , 0.        , 0.        , 0.        ,
       0.        , 0.        , 0.02702703, 0.        , 0.        ,
       0.        , 0.        , 0.        , 0.        , 0.        ]), array([3.5269029e-02, 2.6200000e-04, 5.0328084e-02, 0.0000000e+00,
       0.0000000e+00, 9.8400000e-05, 1.2467192e-02, 0.0000000e+00,
       0.0000000e+00, 0.0000000e+00, 0.0000000e+00, 0.0000000e+00,
       4.7572180e-03, 3.3464570e-03, 3.5269029e-02, 4.5800525e-02,
       2.5984252e-02, 2.5393701e-02, 1.4763780e-02, 1.2664042e-02,
       1.2729659e-02, 7.8412070e-03, 4.0354330e-03, 8.3989500e-03,
       8.1036750e-03, 4.6259840e-03, 6.2992130e-03, 1.3123360e-03,
       1.6699475e-02, 5.0918635e-02, 1.6699475e-02, 9.7440940e-03,
       0.0000000e+00, 1.7716540e-03, 4.2700000e-04, 9.1900000e-04,
       9.1900000e-04, 8.5300000e-04, 6.2300000e-04, 1.9700000e-04,
       3.2800000e-05, 2.9500000e-04, 3.6100000e-04, 0.0000000e+00,
       1.3123360e-03, 2.5918640e-03, 1.5091860e-03, 7.2200000e-04,
       1.1482940e-03, 6.5600000e-05, 9.8400000e-05, 8.8600000e-04,
       9.8400000e-04, 1.6400000e-04, 1.6400000e-04, 6.5600000e-05,
       0.0000000e+00, 6.5600000e-04, 9.8400000e-05, 0.0000000e+00,
       0.0000000e+00, 0.0000000e+00, 0.0000000e+00, 6.2664040e-03,
       0.0000000e+00, 4.3011811e-02, 1.4501312e-02, 2.1751969e-02,
       1.2631234e-02, 3.9402887e-02, 5.5446190e-03, 2.8116798e-02,
       3.5695538e-02, 3.0150919e-02, 6.0367450e-03, 5.4461940e-03,
       3.3956693e-02, 1.7782152e-02, 2.4967192e-02, 2.3228346e-02,
       3.4940945e-02, 0.0000000e+00, 3.5006562e-02, 3.9009186e-02,
       6.4009186e-02, 2.4671916e-02, 4.7900260e-03, 8.0708660e-03,
       4.0026250e-03, 4.2979000e-03, 2.0013120e-03, 0.0000000e+00,
       0.0000000e+00, 0.0000000e+00, 0.0000000e+00]), array([5.6111035e-02, 4.3500000e-04, 2.1736134e-02, 1.0072840e-03,
       0.0000000e+00, 2.7080042e-02, 7.9840530e-03, 5.4181290e-03,
       1.6858760e-03, 1.7070820e-03, 0.0000000e+00, 2.1312010e-03,
       1.2935650e-03, 8.7156600e-03, 1.1408820e-02, 2.8426622e-02,
       3.0600235e-02, 7.5917420e-03, 2.7535971e-02, 4.7289350e-03,
       2.9476320e-03, 2.7885870e-03, 1.4208010e-03, 2.5129090e-03,
       4.8561700e-03, 3.6262230e-03, 5.6301890e-03, 9.8501800e-03,
       1.5575795e-02, 1.9870007e-02, 1.5575795e-02, 8.2700000e-04,
       5.3000000e-05, 3.7322530e-03, 1.2617560e-03, 2.1948190e-03,
       2.3538640e-03, 6.6800000e-04, 6.7900000e-04, 2.8600000e-04,
       8.6900000e-04, 6.6800000e-04, 4.2400000e-05, 4.2400000e-05,
       8.2700000e-04, 1.4800000e-04, 3.3900000e-04, 4.2400000e-04,
       4.6700000e-04, 2.1200000e-05, 9.3300000e-04, 2.4704970e-03,
       5.7300000e-04, 1.4800000e-04, 1.1663290e-03, 1.3800000e-04,
       2.1200000e-05, 0.0000000e+00, 2.1200000e-05, 7.5300000e-04,
       0.0000000e+00, 7.5300000e-04, 0.0000000e+00, 3.0112500e-03,
       0.0000000e+00, 6.6480761e-02, 8.3869670e-03, 3.0589632e-02,
       1.5946900e-02, 6.8336284e-02, 1.5384942e-02, 1.4971425e-02,
       1.9986640e-02, 5.4817469e-02, 7.5300000e-04, 5.1742600e-03,
       3.5233743e-02, 1.9657947e-02, 3.0971340e-02, 3.6251630e-02,
       2.4789796e-02, 5.6200000e-04, 4.8699543e-02, 3.1999830e-02,
       5.8274045e-02, 8.9383220e-03, 6.6480760e-03, 1.5915091e-02,
       1.6752730e-03, 7.3054620e-03, 3.8382830e-03, 3.5000000e-04,
       2.2300000e-04, 3.5000000e-04, 0.0000000e+00]), array([4.4893476e-02, 2.8900000e-04, 4.0239355e-02, 7.2300000e-04,
       0.0000000e+00, 2.8900000e-05, 1.8500850e-03, 2.0235310e-03,
       1.1852110e-03, 1.1852110e-03, 0.0000000e+00, 0.0000000e+00,
       1.7300000e-04, 1.1273957e-02, 1.9714971e-02, 5.0761715e-02,
       3.2665570e-03, 4.4806750e-03, 5.6080710e-03, 2.8329430e-03,
       2.3993290e-03, 1.5321020e-03, 2.4571450e-03, 2.3415140e-03,
       2.7462200e-03, 2.0813460e-03, 1.1389587e-02, 3.9314310e-03,
       3.8765068e-02, 2.2779175e-02, 3.8765068e-02, 3.7600000e-04,
       2.8900000e-05, 8.6700000e-04, 1.1273960e-03, 1.6477320e-03,
       8.9600000e-04, 4.0500000e-04, 1.0984880e-03, 7.5200000e-04,
       2.3100000e-04, 7.5200000e-04, 8.6700000e-05, 1.1600000e-04,
       1.0406730e-03, 1.7633630e-03, 1.3008410e-03, 3.1800000e-04,
       1.2719340e-03, 5.7800000e-05, 1.3586560e-03, 2.2258840e-03,
       8.9600000e-04, 2.0200000e-04, 1.2719340e-03, 6.3600000e-04,
       1.1600000e-04, 0.0000000e+00, 1.7300000e-04, 0.0000000e+00,
       0.0000000e+00, 0.0000000e+00, 0.0000000e+00, 1.8789930e-03,
       0.0000000e+00, 6.8164079e-02, 8.7589970e-03, 3.0295146e-02,
       1.5985893e-02, 5.2322724e-02, 1.7546903e-02, 1.8327407e-02,
       2.2374469e-02, 6.5070968e-02, 6.0700000e-04, 4.7697510e-03,
       5.0299193e-02, 1.2199000e-02, 2.7809094e-02, 3.8360362e-02,
       2.1940855e-02, 3.1800000e-04, 4.3187928e-02, 3.4457838e-02,
       6.8655508e-02, 8.8457200e-03, 6.0705920e-03, 2.3299511e-02,
       3.6712630e-03, 5.0588270e-03, 4.3361370e-03, 3.1800000e-04,
       0.0000000e+00, 3.1800000e-04, 2.8900000e-05])]
Common Instance for Type-1 Error
{69, 81, 82, 113, 26, 94}
Common Instance for Type-2 Error
set()