Assignment Part =  1 using SEDA_L+1
Population size =  15
Selection = Binary Tournament Selection
Crossover = Uniform Crossover ((PopSize/2)-parent)
Mutation Rate =  0.25
Replacement = Replace the Worst
method =  svmr
epsilon =  0.05

Label: 0.8250303670330916, Predicted: 1, Probs: [0.39165654 0.60834346], Evaluation Number: 111, CI Number: 1, Closest Instance ID: 63, Euclidean Distance: 0.9209847710832858
Label: 0.8224077329437145, Predicted: 1, Probs: [0.39253076 0.60746924], Evaluation Number: 245, CI Number: 2, Closest Instance ID: 433, Euclidean Distance: 0.9253186370678019
Label: 0.8263133398900302, Predicted: 1, Probs: [0.39122889 0.60877111], Evaluation Number: 346, CI Number: 3, Closest Instance ID: 213, Euclidean Distance: 0.9234714981928976
Label: 0.7501626859683763, Predicted: 1, Probs: [0.41661244 0.58338756], Evaluation Number: 354, CI Number: 4, Closest Instance ID: 455, Euclidean Distance: 0.9166442284303018
Label: 0.7562401425050775, Predicted: 1, Probs: [0.41458662 0.58541338], Evaluation Number: 433, CI Number: 5, Closest Instance ID: 247, Euclidean Distance: 0.9293649482731032
Label: 0.6539133085365375, Predicted: 1, Probs: [0.44869556 0.55130444], Evaluation Number: 887, CI Number: 6, Closest Instance ID: 0, Euclidean Distance: 0.9415130131563455
Label: 0.8014782360622652, Predicted: 1, Probs: [0.39950725 0.60049275], Evaluation Number: 902, CI Number: 7, Closest Instance ID: 455, Euclidean Distance: 0.931346296259046
Label: 0.8127535532129548, Predicted: 1, Probs: [0.39574882 0.60425118], Evaluation Number: 1043, CI Number: 8, Closest Instance ID: 386, Euclidean Distance: 0.9286616130352201
Label: 0.3746882392632137, Predicted: 1, Probs: [0.54177059 0.45822941], Evaluation Number: 1322, CI Number: 9, Closest Instance ID: 192, Euclidean Distance: 0.9362941069395102
Label: 0.8092741071954759, Predicted: 1, Probs: [0.39690863 0.60309137], Evaluation Number: 1427, CI Number: 10, Closest Instance ID: 77, Euclidean Distance: 0.9303926867433515

CIs are - 
[0.0, 0.14744195615489714, 0.0, 0.14744195615489714, 0.0, 0.0, 0.0, 0.0, 0.0, 0.0, 0.0, 0.14744195615489714, 0.0, 0.0, 0.14744195615489714, 0.14744195615489714, 0.14744195615489714, 0.0, 0.0, 0.14744195615489714, 0.14744195615489714, 0.14744195615489714, 0.0, 0.14744195615489714, 0.14744195615489714, 0.0, 0.0, 0.14744195615489714, 0.0, 0.14744195615489714, 0.14744195615489714, 0.0, 0.14744195615489714, 0.0, 0.14744195615489714, 0.0, 0.14744195615489714, 0.0, 0.14744195615489714, 0.14744195615489714, 0.0, 0.0, 0.14744195615489714, 0.14744195615489714, 0.0, 0.0, 0.14744195615489714, 0.14744195615489714, 0.14744195615489714, 0.0, 0.0, 0.14744195615489714, 0.14744195615489714, 0.0, 0.0, 0.14744195615489714, 0.0, 0.14744195615489714, 0.0, 0.14744195615489714, 0.0, 0.14744195615489714, 0.0, 0.0, 0.0, 0.14744195615489714, 0.0, 0.14744195615489714, 0.0, 0.14744195615489714, 0.0, 0.0, 0.14744195615489714, 0.14744195615489714, 0.14744195615489714, 0.14744195615489714, 0.0, 0.14744195615489714, 0.0, 0.14744195615489714, 0.0, 0.0, 0.14744195615489714, 0.0, 0.14744195615489714, 0.14744195615489714, 0.0, 0.14744195615489714, 0.14744195615489714, 0.0, 0.0, 0.0, 0.0, 0.14744195615489714, 0.14744195615489714]
[0.0, 0.0, 0.14285714285714285, 0.14285714285714285, 0.0, 0.14285714285714285, 0.14285714285714285, 0.14285714285714285, 0.14285714285714285, 0.0, 0.14285714285714285, 0.0, 0.0, 0.14285714285714285, 0.0, 0.0, 0.14285714285714285, 0.0, 0.14285714285714285, 0.0, 0.14285714285714285, 0.0, 0.14285714285714285, 0.0, 0.0, 0.14285714285714285, 0.0, 0.0, 0.0, 0.14285714285714285, 0.14285714285714285, 0.14285714285714285, 0.14285714285714285, 0.0, 0.14285714285714285, 0.0, 0.14285714285714285, 0.0, 0.0, 0.14285714285714285, 0.14285714285714285, 0.0, 0.14285714285714285, 0.14285714285714285, 0.0, 0.14285714285714285, 0.0, 0.0, 0.14285714285714285, 0.0, 0.14285714285714285, 0.0, 0.0, 0.0, 0.14285714285714285, 0.14285714285714285, 0.0, 0.0, 0.0, 0.14285714285714285, 0.0, 0.14285714285714285, 0.0, 0.0, 0.14285714285714285, 0.0, 0.14285714285714285, 0.0, 0.0, 0.14285714285714285, 0.0, 0.0, 0.14285714285714285, 0.0, 0.14285714285714285, 0.0, 0.0, 0.0, 0.14285714285714285, 0.14285714285714285, 0.0, 0.14285714285714285, 0.14285714285714285, 0.14285714285714285, 0.14285714285714285, 0.14285714285714285, 0.14285714285714285, 0.0, 0.14285714285714285, 0.14285714285714285, 0.14285714285714285, 0.14285714285714285, 0.14285714285714285, 0.0, 0.14285714285714285]
[0.0, 0.0, 0.13608276348795434, 0.13608276348795434, 0.13608276348795434, 0.13608276348795434, 0.0, 0.13608276348795434, 0.13608276348795434, 0.0, 0.13608276348795434, 0.13608276348795434, 0.0, 0.0, 0.13608276348795434, 0.0, 0.13608276348795434, 0.0, 0.13608276348795434, 0.13608276348795434, 0.0, 0.13608276348795434, 0.13608276348795434, 0.0, 0.0, 0.13608276348795434, 0.13608276348795434, 0.13608276348795434, 0.0, 0.13608276348795434, 0.13608276348795434, 0.0, 0.0, 0.13608276348795434, 0.13608276348795434, 0.13608276348795434, 0.13608276348795434, 0.0, 0.13608276348795434, 0.13608276348795434, 0.0, 0.0, 0.13608276348795434, 0.13608276348795434, 0.13608276348795434, 0.0, 0.0, 0.0, 0.0, 0.0, 0.13608276348795434, 0.0, 0.13608276348795434, 0.0, 0.0, 0.13608276348795434, 0.13608276348795434, 0.13608276348795434, 0.0, 0.13608276348795434, 0.13608276348795434, 0.0, 0.13608276348795434, 0.0, 0.13608276348795434, 0.0, 0.0, 0.13608276348795434, 0.0, 0.13608276348795434, 0.13608276348795434, 0.0, 0.13608276348795434, 0.13608276348795434, 0.0, 0.13608276348795434, 0.0, 0.13608276348795434, 0.0, 0.13608276348795434, 0.0, 0.13608276348795434, 0.0, 0.13608276348795434, 0.13608276348795434, 0.0, 0.13608276348795434, 0.13608276348795434, 0.0, 0.13608276348795434, 0.13608276348795434, 0.0, 0.13608276348795434, 0.0, 0.13608276348795434]
[0.14744195615489714, 0.0, 0.14744195615489714, 0.14744195615489714, 0.14744195615489714, 0.0, 0.0, 0.0, 0.14744195615489714, 0.0, 0.14744195615489714, 0.0, 0.14744195615489714, 0.0, 0.14744195615489714, 0.0, 0.14744195615489714, 0.0, 0.14744195615489714, 0.14744195615489714, 0.0, 0.14744195615489714, 0.14744195615489714, 0.0, 0.0, 0.14744195615489714, 0.14744195615489714, 0.14744195615489714, 0.0, 0.14744195615489714, 0.14744195615489714, 0.0, 0.0, 0.14744195615489714, 0.14744195615489714, 0.0, 0.14744195615489714, 0.14744195615489714, 0.0, 0.14744195615489714, 0.14744195615489714, 0.14744195615489714, 0.0, 0.0, 0.14744195615489714, 0.14744195615489714, 0.0, 0.0, 0.14744195615489714, 0.0, 0.14744195615489714, 0.0, 0.0, 0.0, 0.0, 0.0, 0.0, 0.0, 0.0, 0.14744195615489714, 0.14744195615489714, 0.0, 0.0, 0.0, 0.0, 0.14744195615489714, 0.0, 0.14744195615489714, 0.0, 0.14744195615489714, 0.0, 0.0, 0.14744195615489714, 0.14744195615489714, 0.0, 0.0, 0.0, 0.0, 0.0, 0.14744195615489714, 0.0, 0.0, 0.0, 0.0, 0.14744195615489714, 0.14744195615489714, 0.14744195615489714, 0.14744195615489714, 0.14744195615489714, 0.14744195615489714, 0.0, 0.14744195615489714, 0.14744195615489714, 0.0, 0.14744195615489714]
[0.0, 0.0, 0.0, 0.13736056394868904, 0.13736056394868904, 0.13736056394868904, 0.13736056394868904, 0.13736056394868904, 0.13736056394868904, 0.13736056394868904, 0.13736056394868904, 0.0, 0.13736056394868904, 0.13736056394868904, 0.13736056394868904, 0.13736056394868904, 0.0, 0.13736056394868904, 0.13736056394868904, 0.0, 0.0, 0.0, 0.13736056394868904, 0.0, 0.0, 0.13736056394868904, 0.13736056394868904, 0.13736056394868904, 0.0, 0.13736056394868904, 0.13736056394868904, 0.13736056394868904, 0.0, 0.0, 0.13736056394868904, 0.0, 0.13736056394868904, 0.13736056394868904, 0.0, 0.0, 0.0, 0.13736056394868904, 0.13736056394868904, 0.13736056394868904, 0.13736056394868904, 0.13736056394868904, 0.0, 0.0, 0.13736056394868904, 0.0, 0.13736056394868904, 0.0, 0.0, 0.0, 0.0, 0.0, 0.13736056394868904, 0.0, 0.13736056394868904, 0.0, 0.13736056394868904, 0.13736056394868904, 0.0, 0.13736056394868904, 0.0, 0.0, 0.0, 0.0, 0.0, 0.13736056394868904, 0.0, 0.0, 0.0, 0.13736056394868904, 0.0, 0.13736056394868904, 0.13736056394868904, 0.13736056394868904, 0.13736056394868904, 0.13736056394868904, 0.13736056394868904, 0.0, 0.0, 0.13736056394868904, 0.0, 0.13736056394868904, 0.13736056394868904, 0.13736056394868904, 0.0, 0.13736056394868904, 0.13736056394868904, 0.13736056394868904, 0.0, 0.13736056394868904, 0.13736056394868904]
[0.0, 0.14433756729740646, 0.0, 0.0, 0.0, 0.14433756729740646, 0.14433756729740646, 0.14433756729740646, 0.0, 0.0, 0.14433756729740646, 0.14433756729740646, 0.14433756729740646, 0.14433756729740646, 0.14433756729740646, 0.0, 0.14433756729740646, 0.0, 0.0, 0.14433756729740646, 0.0, 0.0, 0.14433756729740646, 0.0, 0.0, 0.14433756729740646, 0.0, 0.0, 0.0, 0.14433756729740646, 0.14433756729740646, 0.14433756729740646, 0.14433756729740646, 0.14433756729740646, 0.14433756729740646, 0.0, 0.14433756729740646, 0.14433756729740646, 0.0, 0.0, 0.0, 0.14433756729740646, 0.14433756729740646, 0.14433756729740646, 0.14433756729740646, 0.0, 0.0, 0.0, 0.0, 0.0, 0.14433756729740646, 0.14433756729740646, 0.14433756729740646, 0.0, 0.0, 0.14433756729740646, 0.14433756729740646, 0.0, 0.14433756729740646, 0.14433756729740646, 0.14433756729740646, 0.14433756729740646, 0.0, 0.14433756729740646, 0.0, 0.14433756729740646, 0.0, 0.14433756729740646, 0.14433756729740646, 0.0, 0.0, 0.14433756729740646, 0.0, 0.14433756729740646, 0.14433756729740646, 0.0, 0.14433756729740646, 0.0, 0.14433756729740646, 0.0, 0.0, 0.0, 0.0, 0.0, 0.0, 0.14433756729740646, 0.14433756729740646, 0.14433756729740646, 0.0, 0.0, 0.0, 0.14433756729740646, 0.14433756729740646, 0.0, 0.0]
[0.0, 0.14586499149789456, 0.14586499149789456, 0.14586499149789456, 0.0, 0.14586499149789456, 0.14586499149789456, 0.0, 0.0, 0.14586499149789456, 0.14586499149789456, 0.14586499149789456, 0.0, 0.14586499149789456, 0.14586499149789456, 0.0, 0.0, 0.0, 0.0, 0.14586499149789456, 0.0, 0.14586499149789456, 0.14586499149789456, 0.0, 0.14586499149789456, 0.14586499149789456, 0.14586499149789456, 0.14586499149789456, 0.0, 0.0, 0.14586499149789456, 0.14586499149789456, 0.0, 0.0, 0.0, 0.0, 0.14586499149789456, 0.0, 0.14586499149789456, 0.14586499149789456, 0.14586499149789456, 0.0, 0.14586499149789456, 0.14586499149789456, 0.14586499149789456, 0.0, 0.0, 0.14586499149789456, 0.14586499149789456, 0.0, 0.14586499149789456, 0.14586499149789456, 0.0, 0.0, 0.0, 0.14586499149789456, 0.14586499149789456, 0.0, 0.0, 0.14586499149789456, 0.14586499149789456, 0.14586499149789456, 0.0, 0.0, 0.14586499149789456, 0.14586499149789456, 0.0, 0.14586499149789456, 0.14586499149789456, 0.14586499149789456, 0.0, 0.0, 0.0, 0.14586499149789456, 0.0, 0.0, 0.14586499149789456, 0.14586499149789456, 0.0, 0.0, 0.14586499149789456, 0.0, 0.0, 0.0, 0.14586499149789456, 0.14586499149789456, 0.0, 0.0, 0.0, 0.0, 0.0, 0.0, 0.0, 0.0, 0.14586499149789456]
[0.0, 0.0, 0.0, 0.14002800840280097, 0.0, 0.0, 0.14002800840280097, 0.0, 0.0, 0.14002800840280097, 0.14002800840280097, 0.0, 0.0, 0.14002800840280097, 0.14002800840280097, 0.0, 0.14002800840280097, 0.0, 0.0, 0.0, 0.14002800840280097, 0.0, 0.14002800840280097, 0.0, 0.14002800840280097, 0.14002800840280097, 0.14002800840280097, 0.14002800840280097, 0.14002800840280097, 0.14002800840280097, 0.14002800840280097, 0.0, 0.0, 0.0, 0.0, 0.0, 0.0, 0.14002800840280097, 0.14002800840280097, 0.0, 0.14002800840280097, 0.0, 0.14002800840280097, 0.14002800840280097, 0.14002800840280097, 0.14002800840280097, 0.0, 0.0, 0.14002800840280097, 0.0, 0.14002800840280097, 0.0, 0.0, 0.14002800840280097, 0.0, 0.0, 0.14002800840280097, 0.0, 0.0, 0.14002800840280097, 0.14002800840280097, 0.14002800840280097, 0.0, 0.14002800840280097, 0.14002800840280097, 0.14002800840280097, 0.14002800840280097, 0.0, 0.0, 0.0, 0.0, 0.14002800840280097, 0.14002800840280097, 0.14002800840280097, 0.14002800840280097, 0.0, 0.14002800840280097, 0.0, 0.0, 0.14002800840280097, 0.0, 0.14002800840280097, 0.14002800840280097, 0.0, 0.14002800840280097, 0.14002800840280097, 0.14002800840280097, 0.14002800840280097, 0.14002800840280097, 0.14002800840280097, 0.14002800840280097, 0.14002800840280097, 0.0, 0.0, 0.14002800840280097]
[0.0, 0.13736056394868904, 0.0, 0.0, 0.13736056394868904, 0.13736056394868904, 0.0, 0.13736056394868904, 0.0, 0.0, 0.13736056394868904, 0.13736056394868904, 0.13736056394868904, 0.0, 0.13736056394868904, 0.0, 0.0, 0.0, 0.0, 0.0, 0.0, 0.13736056394868904, 0.13736056394868904, 0.0, 0.13736056394868904, 0.13736056394868904, 0.13736056394868904, 0.13736056394868904, 0.13736056394868904, 0.0, 0.13736056394868904, 0.13736056394868904, 0.13736056394868904, 0.13736056394868904, 0.13736056394868904, 0.0, 0.13736056394868904, 0.13736056394868904, 0.0, 0.13736056394868904, 0.0, 0.0, 0.13736056394868904, 0.0, 0.13736056394868904, 0.13736056394868904, 0.13736056394868904, 0.0, 0.13736056394868904, 0.0, 0.13736056394868904, 0.0, 0.0, 0.0, 0.0, 0.0, 0.13736056394868904, 0.0, 0.0, 0.13736056394868904, 0.0, 0.13736056394868904, 0.13736056394868904, 0.13736056394868904, 0.13736056394868904, 0.13736056394868904, 0.0, 0.13736056394868904, 0.13736056394868904, 0.0, 0.0, 0.0, 0.13736056394868904, 0.0, 0.0, 0.0, 0.0, 0.13736056394868904, 0.13736056394868904, 0.13736056394868904, 0.13736056394868904, 0.13736056394868904, 0.0, 0.0, 0.13736056394868904, 0.13736056394868904, 0.13736056394868904, 0.13736056394868904, 0.0, 0.13736056394868904, 0.13736056394868904, 0.0, 0.13736056394868904, 0.13736056394868904, 0.13736056394868904]
[0.0, 0.14744195615489714, 0.0, 0.0, 0.0, 0.14744195615489714, 0.0, 0.14744195615489714, 0.0, 0.0, 0.14744195615489714, 0.14744195615489714, 0.14744195615489714, 0.14744195615489714, 0.14744195615489714, 0.0, 0.0, 0.0, 0.0, 0.14744195615489714, 0.14744195615489714, 0.14744195615489714, 0.14744195615489714, 0.14744195615489714, 0.0, 0.14744195615489714, 0.0, 0.14744195615489714, 0.14744195615489714, 0.0, 0.14744195615489714, 0.0, 0.0, 0.14744195615489714, 0.0, 0.0, 0.14744195615489714, 0.0, 0.14744195615489714, 0.0, 0.0, 0.14744195615489714, 0.14744195615489714, 0.14744195615489714, 0.0, 0.0, 0.0, 0.14744195615489714, 0.14744195615489714, 0.0, 0.0, 0.14744195615489714, 0.14744195615489714, 0.0, 0.0, 0.14744195615489714, 0.0, 0.0, 0.14744195615489714, 0.14744195615489714, 0.14744195615489714, 0.14744195615489714, 0.0, 0.0, 0.14744195615489714, 0.14744195615489714, 0.0, 0.0, 0.0, 0.0, 0.0, 0.14744195615489714, 0.0, 0.14744195615489714, 0.0, 0.0, 0.14744195615489714, 0.14744195615489714, 0.0, 0.14744195615489714, 0.14744195615489714, 0.14744195615489714, 0.0, 0.0, 0.14744195615489714, 0.14744195615489714, 0.0, 0.14744195615489714, 0.14744195615489714, 0.0, 0.0, 0.0, 0.0, 0.0, 0.14744195615489714]

Average number of function evaluations (over ten runs) = 142.7

Execution time = 3.5846782333333334 minutes