Assignment Part =  1 using SEDA_L-1
Population size =  15
Selection = Binary Tournament Selection
Crossover = Uniform Crossover ((PopSize/2)-parent)
Mutation Rate =  0.25
Replacement = Replace the Worst
method =  svmr
epsilon =  0.005

Label: -0.41340686609027455, Predicted: 1, Probs: [0.47113562 0.52886438], Evaluation Number: 3183, CI Number: 1, Closest Instance ID: 77, Euclidean Distance: 0.9133143403545543
Label: -0.5, Predicted: 1, Probs: [0.5 0.5], Evaluation Number: 3551, CI Number: 2, Closest Instance ID: 442, Euclidean Distance: 0.9250625006841925
Label: -0.42519269157895423, Predicted: 1, Probs: [0.47506423 0.52493577], Evaluation Number: 4034, CI Number: 3, Closest Instance ID: 122, Euclidean Distance: 0.9356983843973815
Label: -0.5235514167349253, Predicted: 1, Probs: [0.50785047 0.49214953], Evaluation Number: 5662, CI Number: 4, Closest Instance ID: 12, Euclidean Distance: 0.9233873438940686
Label: -0.3964657791023273, Predicted: 1, Probs: [0.46548859 0.53451141], Evaluation Number: 7041, CI Number: 5, Closest Instance ID: 445, Euclidean Distance: 0.9390348149988885
Label: -0.5, Predicted: 1, Probs: [0.5 0.5], Evaluation Number: 7946, CI Number: 6, Closest Instance ID: 129, Euclidean Distance: 0.9321683240499082
Label: -0.5726155372761667, Predicted: 1, Probs: [0.52420518 0.47579482], Evaluation Number: 9962, CI Number: 7, Closest Instance ID: 106, Euclidean Distance: 0.9236847781392833
Label: -0.4302629755963032, Predicted: 1, Probs: [0.47675433 0.52324567], Evaluation Number: 15201, CI Number: 8, Closest Instance ID: 22, Euclidean Distance: 0.9359431988139457
Label: -0.3959602800916443, Predicted: 1, Probs: [0.46532009 0.53467991], Evaluation Number: 16527, CI Number: 9, Closest Instance ID: 133, Euclidean Distance: 0.9436399642694114
Label: -0.5, Predicted: 1, Probs: [0.5 0.5], Evaluation Number: 17158, CI Number: 10, Closest Instance ID: 273, Euclidean Distance: 0.9406470071294878

CIs are - 
[0.1414213562373095, 0.0, 0.1414213562373095, 0.1414213562373095, 0.0, 0.1414213562373095, 0.0, 0.0, 0.0, 0.1414213562373095, 0.1414213562373095, 0.0, 0.1414213562373095, 0.1414213562373095, 0.0, 0.0, 0.0, 0.0, 0.0, 0.0, 0.1414213562373095, 0.1414213562373095, 0.1414213562373095, 0.0, 0.0, 0.1414213562373095, 0.0, 0.0, 0.0, 0.1414213562373095, 0.1414213562373095, 0.1414213562373095, 0.0, 0.1414213562373095, 0.0, 0.0, 0.1414213562373095, 0.0, 0.0, 0.1414213562373095, 0.1414213562373095, 0.0, 0.0, 0.0, 0.0, 0.1414213562373095, 0.0, 0.1414213562373095, 0.1414213562373095, 0.1414213562373095, 0.0, 0.1414213562373095, 0.0, 0.1414213562373095, 0.1414213562373095, 0.1414213562373095, 0.1414213562373095, 0.0, 0.0, 0.0, 0.0, 0.1414213562373095, 0.0, 0.0, 0.1414213562373095, 0.1414213562373095, 0.1414213562373095, 0.0, 0.1414213562373095, 0.0, 0.1414213562373095, 0.0, 0.0, 0.1414213562373095, 0.0, 0.0, 0.1414213562373095, 0.1414213562373095, 0.1414213562373095, 0.1414213562373095, 0.0, 0.0, 0.1414213562373095, 0.1414213562373095, 0.1414213562373095, 0.0, 0.1414213562373095, 0.1414213562373095, 0.1414213562373095, 0.1414213562373095, 0.0, 0.1414213562373095, 0.1414213562373095, 0.1414213562373095, 0.1414213562373095]
[0.14285714285714285, 0.0, 0.0, 0.0, 0.14285714285714285, 0.0, 0.0, 0.14285714285714285, 0.0, 0.14285714285714285, 0.0, 0.0, 0.14285714285714285, 0.0, 0.0, 0.14285714285714285, 0.0, 0.14285714285714285, 0.0, 0.14285714285714285, 0.14285714285714285, 0.0, 0.14285714285714285, 0.14285714285714285, 0.14285714285714285, 0.0, 0.14285714285714285, 0.0, 0.14285714285714285, 0.14285714285714285, 0.14285714285714285, 0.14285714285714285, 0.0, 0.14285714285714285, 0.14285714285714285, 0.14285714285714285, 0.14285714285714285, 0.0, 0.0, 0.0, 0.14285714285714285, 0.14285714285714285, 0.14285714285714285, 0.0, 0.0, 0.14285714285714285, 0.14285714285714285, 0.14285714285714285, 0.14285714285714285, 0.14285714285714285, 0.0, 0.0, 0.14285714285714285, 0.14285714285714285, 0.14285714285714285, 0.0, 0.0, 0.0, 0.0, 0.0, 0.14285714285714285, 0.14285714285714285, 0.0, 0.0, 0.0, 0.0, 0.0, 0.0, 0.14285714285714285, 0.0, 0.0, 0.0, 0.0, 0.0, 0.14285714285714285, 0.0, 0.14285714285714285, 0.14285714285714285, 0.14285714285714285, 0.14285714285714285, 0.14285714285714285, 0.14285714285714285, 0.0, 0.0, 0.0, 0.14285714285714285, 0.0, 0.0, 0.14285714285714285, 0.14285714285714285, 0.14285714285714285, 0.14285714285714285, 0.0, 0.14285714285714285, 0.14285714285714285]
[0.0, 0.1336306209562122, 0.1336306209562122, 0.1336306209562122, 0.1336306209562122, 0.1336306209562122, 0.1336306209562122, 0.0, 0.0, 0.1336306209562122, 0.1336306209562122, 0.1336306209562122, 0.1336306209562122, 0.0, 0.1336306209562122, 0.0, 0.1336306209562122, 0.1336306209562122, 0.0, 0.0, 0.1336306209562122, 0.1336306209562122, 0.1336306209562122, 0.0, 0.1336306209562122, 0.1336306209562122, 0.0, 0.1336306209562122, 0.0, 0.1336306209562122, 0.0, 0.0, 0.1336306209562122, 0.0, 0.1336306209562122, 0.1336306209562122, 0.1336306209562122, 0.0, 0.0, 0.1336306209562122, 0.0, 0.1336306209562122, 0.0, 0.1336306209562122, 0.1336306209562122, 0.0, 0.1336306209562122, 0.1336306209562122, 0.1336306209562122, 0.1336306209562122, 0.1336306209562122, 0.1336306209562122, 0.1336306209562122, 0.1336306209562122, 0.1336306209562122, 0.1336306209562122, 0.1336306209562122, 0.1336306209562122, 0.0, 0.1336306209562122, 0.0, 0.1336306209562122, 0.0, 0.0, 0.0, 0.0, 0.0, 0.0, 0.1336306209562122, 0.0, 0.1336306209562122, 0.0, 0.0, 0.0, 0.1336306209562122, 0.0, 0.0, 0.0, 0.0, 0.1336306209562122, 0.1336306209562122, 0.1336306209562122, 0.0, 0.1336306209562122, 0.1336306209562122, 0.0, 0.1336306209562122, 0.1336306209562122, 0.1336306209562122, 0.0, 0.1336306209562122, 0.0, 0.1336306209562122, 0.1336306209562122, 0.0]
[0.13483997249264842, 0.0, 0.13483997249264842, 0.13483997249264842, 0.13483997249264842, 0.0, 0.13483997249264842, 0.13483997249264842, 0.0, 0.0, 0.0, 0.0, 0.0, 0.13483997249264842, 0.13483997249264842, 0.13483997249264842, 0.0, 0.13483997249264842, 0.0, 0.13483997249264842, 0.13483997249264842, 0.13483997249264842, 0.13483997249264842, 0.0, 0.13483997249264842, 0.13483997249264842, 0.13483997249264842, 0.13483997249264842, 0.0, 0.13483997249264842, 0.0, 0.13483997249264842, 0.13483997249264842, 0.0, 0.13483997249264842, 0.13483997249264842, 0.0, 0.0, 0.0, 0.0, 0.13483997249264842, 0.0, 0.13483997249264842, 0.13483997249264842, 0.13483997249264842, 0.13483997249264842, 0.0, 0.0, 0.13483997249264842, 0.0, 0.13483997249264842, 0.13483997249264842, 0.13483997249264842, 0.13483997249264842, 0.13483997249264842, 0.13483997249264842, 0.0, 0.0, 0.0, 0.0, 0.0, 0.13483997249264842, 0.0, 0.13483997249264842, 0.13483997249264842, 0.13483997249264842, 0.0, 0.0, 0.13483997249264842, 0.0, 0.0, 0.0, 0.13483997249264842, 0.13483997249264842, 0.0, 0.13483997249264842, 0.13483997249264842, 0.13483997249264842, 0.13483997249264842, 0.0, 0.13483997249264842, 0.13483997249264842, 0.0, 0.13483997249264842, 0.0, 0.13483997249264842, 0.0, 0.13483997249264842, 0.13483997249264842, 0.0, 0.0, 0.13483997249264842, 0.13483997249264842, 0.0, 0.13483997249264842]
[0.0, 0.0, 0.0, 0.0, 0.0, 0.0, 0.0, 0.15075567228888181, 0.15075567228888181, 0.15075567228888181, 0.15075567228888181, 0.0, 0.0, 0.0, 0.0, 0.15075567228888181, 0.0, 0.15075567228888181, 0.0, 0.0, 0.15075567228888181, 0.0, 0.15075567228888181, 0.15075567228888181, 0.0, 0.15075567228888181, 0.0, 0.0, 0.15075567228888181, 0.15075567228888181, 0.0, 0.0, 0.0, 0.0, 0.15075567228888181, 0.15075567228888181, 0.15075567228888181, 0.0, 0.15075567228888181, 0.15075567228888181, 0.15075567228888181, 0.15075567228888181, 0.0, 0.0, 0.0, 0.15075567228888181, 0.15075567228888181, 0.0, 0.0, 0.15075567228888181, 0.0, 0.15075567228888181, 0.0, 0.15075567228888181, 0.15075567228888181, 0.15075567228888181, 0.0, 0.15075567228888181, 0.0, 0.0, 0.0, 0.15075567228888181, 0.15075567228888181, 0.0, 0.15075567228888181, 0.0, 0.0, 0.0, 0.0, 0.0, 0.15075567228888181, 0.0, 0.0, 0.0, 0.0, 0.15075567228888181, 0.15075567228888181, 0.15075567228888181, 0.15075567228888181, 0.15075567228888181, 0.0, 0.0, 0.15075567228888181, 0.15075567228888181, 0.0, 0.15075567228888181, 0.15075567228888181, 0.15075567228888181, 0.0, 0.15075567228888181, 0.0, 0.15075567228888181, 0.15075567228888181, 0.0, 0.0]
[0.14002800840280097, 0.0, 0.14002800840280097, 0.14002800840280097, 0.0, 0.14002800840280097, 0.0, 0.14002800840280097, 0.14002800840280097, 0.0, 0.0, 0.14002800840280097, 0.0, 0.14002800840280097, 0.14002800840280097, 0.0, 0.14002800840280097, 0.14002800840280097, 0.14002800840280097, 0.14002800840280097, 0.14002800840280097, 0.0, 0.14002800840280097, 0.0, 0.0, 0.14002800840280097, 0.14002800840280097, 0.14002800840280097, 0.0, 0.14002800840280097, 0.0, 0.14002800840280097, 0.14002800840280097, 0.14002800840280097, 0.14002800840280097, 0.0, 0.0, 0.14002800840280097, 0.0, 0.14002800840280097, 0.14002800840280097, 0.14002800840280097, 0.14002800840280097, 0.0, 0.14002800840280097, 0.0, 0.0, 0.14002800840280097, 0.0, 0.14002800840280097, 0.0, 0.14002800840280097, 0.14002800840280097, 0.0, 0.14002800840280097, 0.14002800840280097, 0.0, 0.0, 0.0, 0.14002800840280097, 0.14002800840280097, 0.0, 0.14002800840280097, 0.0, 0.14002800840280097, 0.0, 0.0, 0.0, 0.0, 0.0, 0.0, 0.14002800840280097, 0.14002800840280097, 0.14002800840280097, 0.14002800840280097, 0.0, 0.0, 0.0, 0.14002800840280097, 0.14002800840280097, 0.14002800840280097, 0.0, 0.0, 0.0, 0.0, 0.14002800840280097, 0.0, 0.0, 0.14002800840280097, 0.0, 0.0, 0.0, 0.14002800840280097, 0.14002800840280097, 0.14002800840280097]
[0.14744195615489714, 0.0, 0.0, 0.14744195615489714, 0.14744195615489714, 0.14744195615489714, 0.0, 0.0, 0.0, 0.14744195615489714, 0.14744195615489714, 0.0, 0.14744195615489714, 0.0, 0.0, 0.0, 0.14744195615489714, 0.14744195615489714, 0.14744195615489714, 0.14744195615489714, 0.14744195615489714, 0.14744195615489714, 0.14744195615489714, 0.14744195615489714, 0.0, 0.0, 0.14744195615489714, 0.0, 0.0, 0.0, 0.0, 0.14744195615489714, 0.14744195615489714, 0.0, 0.14744195615489714, 0.14744195615489714, 0.14744195615489714, 0.0, 0.0, 0.0, 0.0, 0.0, 0.14744195615489714, 0.0, 0.14744195615489714, 0.14744195615489714, 0.0, 0.14744195615489714, 0.0, 0.14744195615489714, 0.0, 0.14744195615489714, 0.14744195615489714, 0.14744195615489714, 0.14744195615489714, 0.0, 0.0, 0.0, 0.0, 0.0, 0.0, 0.0, 0.0, 0.0, 0.14744195615489714, 0.14744195615489714, 0.0, 0.0, 0.14744195615489714, 0.0, 0.14744195615489714, 0.14744195615489714, 0.0, 0.14744195615489714, 0.0, 0.14744195615489714, 0.0, 0.14744195615489714, 0.0, 0.14744195615489714, 0.0, 0.0, 0.14744195615489714, 0.14744195615489714, 0.14744195615489714, 0.0, 0.0, 0.0, 0.0, 0.0, 0.14744195615489714, 0.14744195615489714, 0.14744195615489714, 0.0, 0.14744195615489714]
[0.0, 0.0, 0.0, 0.0, 0.0, 0.15249857033260467, 0.0, 0.0, 0.0, 0.15249857033260467, 0.15249857033260467, 0.15249857033260467, 0.15249857033260467, 0.15249857033260467, 0.0, 0.0, 0.15249857033260467, 0.0, 0.15249857033260467, 0.15249857033260467, 0.0, 0.0, 0.15249857033260467, 0.0, 0.15249857033260467, 0.15249857033260467, 0.15249857033260467, 0.15249857033260467, 0.0, 0.15249857033260467, 0.15249857033260467, 0.0, 0.0, 0.0, 0.0, 0.15249857033260467, 0.0, 0.15249857033260467, 0.0, 0.15249857033260467, 0.0, 0.0, 0.15249857033260467, 0.0, 0.0, 0.0, 0.0, 0.15249857033260467, 0.0, 0.0, 0.0, 0.15249857033260467, 0.15249857033260467, 0.15249857033260467, 0.0, 0.15249857033260467, 0.0, 0.0, 0.0, 0.15249857033260467, 0.15249857033260467, 0.15249857033260467, 0.15249857033260467, 0.0, 0.0, 0.15249857033260467, 0.15249857033260467, 0.15249857033260467, 0.15249857033260467, 0.15249857033260467, 0.15249857033260467, 0.0, 0.0, 0.15249857033260467, 0.0, 0.0, 0.0, 0.15249857033260467, 0.0, 0.0, 0.15249857033260467, 0.0, 0.0, 0.0, 0.0, 0.15249857033260467, 0.15249857033260467, 0.0, 0.15249857033260467, 0.0, 0.0, 0.15249857033260467, 0.15249857033260467, 0.0, 0.0]
[0.0, 0.14586499149789456, 0.14586499149789456, 0.14586499149789456, 0.14586499149789456, 0.14586499149789456, 0.14586499149789456, 0.14586499149789456, 0.14586499149789456, 0.14586499149789456, 0.14586499149789456, 0.0, 0.0, 0.0, 0.14586499149789456, 0.0, 0.14586499149789456, 0.0, 0.0, 0.0, 0.14586499149789456, 0.0, 0.14586499149789456, 0.0, 0.0, 0.14586499149789456, 0.0, 0.14586499149789456, 0.0, 0.14586499149789456, 0.14586499149789456, 0.14586499149789456, 0.0, 0.14586499149789456, 0.14586499149789456, 0.14586499149789456, 0.14586499149789456, 0.14586499149789456, 0.0, 0.14586499149789456, 0.0, 0.14586499149789456, 0.14586499149789456, 0.14586499149789456, 0.14586499149789456, 0.0, 0.0, 0.0, 0.0, 0.0, 0.0, 0.0, 0.14586499149789456, 0.0, 0.14586499149789456, 0.0, 0.0, 0.0, 0.0, 0.0, 0.14586499149789456, 0.0, 0.0, 0.14586499149789456, 0.14586499149789456, 0.14586499149789456, 0.0, 0.0, 0.14586499149789456, 0.0, 0.14586499149789456, 0.0, 0.14586499149789456, 0.0, 0.0, 0.14586499149789456, 0.0, 0.0, 0.0, 0.0, 0.14586499149789456, 0.14586499149789456, 0.0, 0.14586499149789456, 0.0, 0.0, 0.14586499149789456, 0.14586499149789456, 0.0, 0.0, 0.14586499149789456, 0.0, 0.14586499149789456, 0.0, 0.14586499149789456]
[0.0, 0.14586499149789456, 0.0, 0.14586499149789456, 0.14586499149789456, 0.0, 0.0, 0.14586499149789456, 0.14586499149789456, 0.14586499149789456, 0.0, 0.0, 0.14586499149789456, 0.14586499149789456, 0.14586499149789456, 0.14586499149789456, 0.14586499149789456, 0.14586499149789456, 0.0, 0.0, 0.14586499149789456, 0.0, 0.14586499149789456, 0.14586499149789456, 0.0, 0.14586499149789456, 0.14586499149789456, 0.14586499149789456, 0.0, 0.14586499149789456, 0.0, 0.14586499149789456, 0.14586499149789456, 0.14586499149789456, 0.14586499149789456, 0.0, 0.14586499149789456, 0.0, 0.0, 0.14586499149789456, 0.0, 0.14586499149789456, 0.14586499149789456, 0.0, 0.14586499149789456, 0.0, 0.0, 0.0, 0.0, 0.0, 0.0, 0.14586499149789456, 0.0, 0.0, 0.14586499149789456, 0.0, 0.0, 0.0, 0.0, 0.0, 0.14586499149789456, 0.0, 0.0, 0.0, 0.14586499149789456, 0.14586499149789456, 0.14586499149789456, 0.0, 0.0, 0.0, 0.0, 0.0, 0.0, 0.0, 0.0, 0.0, 0.14586499149789456, 0.14586499149789456, 0.14586499149789456, 0.0, 0.14586499149789456, 0.14586499149789456, 0.0, 0.0, 0.0, 0.14586499149789456, 0.14586499149789456, 0.14586499149789456, 0.0, 0.14586499149789456, 0.14586499149789456, 0.14586499149789456, 0.14586499149789456, 0.0, 0.14586499149789456]

Average number of function evaluations (over ten runs) = 1715.8

Execution time = 38.53393736666667 minutes