Assignment Part =  1 using SEDA
Population size =  15
Selection = Binary Tournament Selection
Crossover = Uniform Crossover ((PopSize/2)-parent)
Mutation Rate =  0.25
Replacement = Replace the Worst
method =  svmr
epsilon =  0.05

Label: 0.038351461615705795, Predicted: 0, Probs: [0.7190284994713345, 0.2809715005286655], Evaluation Number: 3, CI Number: 1
Label: 0.19680168034203252, Predicted: 0, Probs: [0.7103772887434037, 0.28962271125659633], Evaluation Number: 81, CI Number: 2
Label: 0.044019670522872145, Predicted: 0, Probs: [0.7489136249145093, 0.25108637508549053], Evaluation Number: 96, CI Number: 3
Label: 0.05623799906469429, Predicted: 0, Probs: [0.6917992190255956, 0.3082007809744046], Evaluation Number: 119, CI Number: 4
Label: 0.05633071818932565, Predicted: 0, Probs: [0.73711428414485, 0.26288571585514997], Evaluation Number: 170, CI Number: 5
Label: 0.19024795962997304, Predicted: 0, Probs: [0.6995455996975366, 0.3004544003024634], Evaluation Number: 236, CI Number: 6
Label: 0.1428578408156442, Predicted: 0, Probs: [0.6764799354044783, 0.3235200645955217], Evaluation Number: 249, CI Number: 7
Label: 0.021086341529382248, Predicted: 0, Probs: [0.7443132573281921, 0.25568674267180796], Evaluation Number: 257, CI Number: 8
Label: 0.07057298661453258, Predicted: 0, Probs: [0.6923646547340587, 0.30763534526594105], Evaluation Number: 266, CI Number: 9
Label: 0.1655947957722167, Predicted: 0, Probs: [0.6905288248843409, 0.3094711751156591], Evaluation Number: 356, CI Number: 10

CIs are - 
[0.0, 0.0, 0.0, 0.14002800840280097, 0.0, 0.14002800840280097, 0.0, 0.14002800840280097, 0.0, 0.14002800840280097, 0.14002800840280097, 0.14002800840280097, 0.14002800840280097, 0.14002800840280097, 0.14002800840280097, 0.0, 0.14002800840280097, 0.14002800840280097, 0.0, 0.0, 0.14002800840280097, 0.14002800840280097, 0.14002800840280097, 0.14002800840280097, 0.0, 0.0, 0.0, 0.0, 0.14002800840280097, 0.14002800840280097, 0.0, 0.14002800840280097, 0.0, 0.14002800840280097, 0.0, 0.0, 0.14002800840280097, 0.0, 0.0, 0.0, 0.0, 0.14002800840280097, 0.14002800840280097, 0.14002800840280097, 0.0, 0.0, 0.14002800840280097, 0.14002800840280097, 0.0, 0.14002800840280097, 0.0, 0.14002800840280097, 0.0, 0.0, 0.14002800840280097, 0.14002800840280097, 0.0, 0.14002800840280097, 0.0, 0.0, 0.14002800840280097, 0.14002800840280097, 0.14002800840280097, 0.0, 0.0, 0.14002800840280097, 0.14002800840280097, 0.14002800840280097, 0.14002800840280097, 0.0, 0.0, 0.14002800840280097, 0.14002800840280097, 0.0, 0.14002800840280097, 0.0, 0.0, 0.0, 0.14002800840280097, 0.0, 0.14002800840280097, 0.14002800840280097, 0.14002800840280097, 0.0, 0.14002800840280097, 0.14002800840280097, 0.14002800840280097, 0.14002800840280097, 0.0, 0.0, 0.14002800840280097, 0.0, 0.14002800840280097, 0.14002800840280097, 0.0]
[0.14433756729740646, 0.0, 0.14433756729740646, 0.0, 0.14433756729740646, 0.14433756729740646, 0.14433756729740646, 0.14433756729740646, 0.0, 0.14433756729740646, 0.14433756729740646, 0.14433756729740646, 0.0, 0.14433756729740646, 0.14433756729740646, 0.14433756729740646, 0.0, 0.0, 0.0, 0.0, 0.0, 0.0, 0.14433756729740646, 0.14433756729740646, 0.0, 0.0, 0.0, 0.0, 0.0, 0.14433756729740646, 0.0, 0.14433756729740646, 0.0, 0.14433756729740646, 0.14433756729740646, 0.14433756729740646, 0.14433756729740646, 0.0, 0.14433756729740646, 0.14433756729740646, 0.14433756729740646, 0.0, 0.0, 0.0, 0.14433756729740646, 0.0, 0.0, 0.14433756729740646, 0.0, 0.0, 0.14433756729740646, 0.14433756729740646, 0.0, 0.14433756729740646, 0.0, 0.14433756729740646, 0.14433756729740646, 0.14433756729740646, 0.0, 0.14433756729740646, 0.0, 0.0, 0.0, 0.0, 0.14433756729740646, 0.0, 0.0, 0.14433756729740646, 0.14433756729740646, 0.14433756729740646, 0.14433756729740646, 0.0, 0.0, 0.0, 0.14433756729740646, 0.0, 0.14433756729740646, 0.0, 0.14433756729740646, 0.14433756729740646, 0.0, 0.0, 0.0, 0.14433756729740646, 0.0, 0.0, 0.14433756729740646, 0.14433756729740646, 0.14433756729740646, 0.14433756729740646, 0.14433756729740646, 0.0, 0.14433756729740646, 0.0, 0.0]
[0.16012815380508713, 0.0, 0.0, 0.0, 0.0, 0.0, 0.16012815380508713, 0.16012815380508713, 0.16012815380508713, 0.16012815380508713, 0.0, 0.16012815380508713, 0.0, 0.16012815380508713, 0.16012815380508713, 0.0, 0.16012815380508713, 0.0, 0.16012815380508713, 0.0, 0.0, 0.0, 0.16012815380508713, 0.0, 0.0, 0.0, 0.0, 0.0, 0.0, 0.16012815380508713, 0.0, 0.0, 0.16012815380508713, 0.16012815380508713, 0.16012815380508713, 0.0, 0.16012815380508713, 0.16012815380508713, 0.16012815380508713, 0.0, 0.16012815380508713, 0.0, 0.16012815380508713, 0.0, 0.16012815380508713, 0.0, 0.0, 0.16012815380508713, 0.0, 0.0, 0.0, 0.16012815380508713, 0.0, 0.16012815380508713, 0.0, 0.0, 0.16012815380508713, 0.0, 0.0, 0.0, 0.0, 0.16012815380508713, 0.0, 0.16012815380508713, 0.0, 0.0, 0.0, 0.16012815380508713, 0.0, 0.16012815380508713, 0.16012815380508713, 0.0, 0.16012815380508713, 0.0, 0.16012815380508713, 0.0, 0.16012815380508713, 0.0, 0.0, 0.0, 0.0, 0.0, 0.0, 0.16012815380508713, 0.16012815380508713, 0.16012815380508713, 0.16012815380508713, 0.16012815380508713, 0.0, 0.0, 0.16012815380508713, 0.0, 0.0, 0.0, 0.0]
[0.1386750490563073, 0.0, 0.0, 0.0, 0.0, 0.1386750490563073, 0.1386750490563073, 0.0, 0.1386750490563073, 0.1386750490563073, 0.1386750490563073, 0.0, 0.0, 0.1386750490563073, 0.1386750490563073, 0.1386750490563073, 0.1386750490563073, 0.1386750490563073, 0.0, 0.1386750490563073, 0.1386750490563073, 0.0, 0.1386750490563073, 0.0, 0.1386750490563073, 0.0, 0.0, 0.1386750490563073, 0.1386750490563073, 0.1386750490563073, 0.0, 0.1386750490563073, 0.1386750490563073, 0.0, 0.0, 0.0, 0.1386750490563073, 0.0, 0.1386750490563073, 0.0, 0.1386750490563073, 0.1386750490563073, 0.1386750490563073, 0.0, 0.1386750490563073, 0.0, 0.1386750490563073, 0.1386750490563073, 0.0, 0.0, 0.0, 0.0, 0.1386750490563073, 0.0, 0.0, 0.1386750490563073, 0.0, 0.1386750490563073, 0.0, 0.1386750490563073, 0.0, 0.0, 0.0, 0.1386750490563073, 0.1386750490563073, 0.1386750490563073, 0.1386750490563073, 0.1386750490563073, 0.1386750490563073, 0.1386750490563073, 0.1386750490563073, 0.0, 0.1386750490563073, 0.0, 0.0, 0.1386750490563073, 0.1386750490563073, 0.1386750490563073, 0.1386750490563073, 0.0, 0.1386750490563073, 0.1386750490563073, 0.1386750490563073, 0.0, 0.0, 0.0, 0.0, 0.1386750490563073, 0.1386750490563073, 0.0, 0.1386750490563073, 0.1386750490563073, 0.0, 0.0, 0.0]
[0.0, 0.0, 0.0, 0.0, 0.0, 0.1643989873053573, 0.1643989873053573, 0.0, 0.0, 0.0, 0.1643989873053573, 0.0, 0.1643989873053573, 0.0, 0.1643989873053573, 0.1643989873053573, 0.1643989873053573, 0.0, 0.1643989873053573, 0.1643989873053573, 0.0, 0.0, 0.0, 0.0, 0.0, 0.1643989873053573, 0.0, 0.1643989873053573, 0.0, 0.0, 0.0, 0.1643989873053573, 0.1643989873053573, 0.0, 0.1643989873053573, 0.1643989873053573, 0.1643989873053573, 0.0, 0.0, 0.0, 0.0, 0.0, 0.1643989873053573, 0.0, 0.0, 0.0, 0.0, 0.1643989873053573, 0.0, 0.0, 0.0, 0.1643989873053573, 0.1643989873053573, 0.1643989873053573, 0.0, 0.0, 0.1643989873053573, 0.0, 0.0, 0.1643989873053573, 0.0, 0.0, 0.1643989873053573, 0.0, 0.1643989873053573, 0.1643989873053573, 0.0, 0.0, 0.0, 0.1643989873053573, 0.0, 0.1643989873053573, 0.0, 0.0, 0.0, 0.0, 0.1643989873053573, 0.1643989873053573, 0.0, 0.0, 0.0, 0.1643989873053573, 0.1643989873053573, 0.1643989873053573, 0.0, 0.1643989873053573, 0.0, 0.1643989873053573, 0.0, 0.0, 0.0, 0.1643989873053573, 0.1643989873053573, 0.0, 0.0]
[0.0, 0.14002800840280097, 0.0, 0.0, 0.0, 0.14002800840280097, 0.14002800840280097, 0.14002800840280097, 0.0, 0.14002800840280097, 0.14002800840280097, 0.14002800840280097, 0.14002800840280097, 0.0, 0.14002800840280097, 0.14002800840280097, 0.14002800840280097, 0.0, 0.14002800840280097, 0.0, 0.14002800840280097, 0.0, 0.0, 0.14002800840280097, 0.0, 0.0, 0.14002800840280097, 0.14002800840280097, 0.14002800840280097, 0.0, 0.0, 0.14002800840280097, 0.0, 0.14002800840280097, 0.14002800840280097, 0.14002800840280097, 0.14002800840280097, 0.0, 0.14002800840280097, 0.0, 0.14002800840280097, 0.14002800840280097, 0.0, 0.0, 0.14002800840280097, 0.0, 0.14002800840280097, 0.14002800840280097, 0.0, 0.14002800840280097, 0.0, 0.0, 0.0, 0.14002800840280097, 0.0, 0.0, 0.14002800840280097, 0.14002800840280097, 0.0, 0.14002800840280097, 0.0, 0.0, 0.0, 0.14002800840280097, 0.14002800840280097, 0.0, 0.14002800840280097, 0.14002800840280097, 0.0, 0.0, 0.14002800840280097, 0.0, 0.14002800840280097, 0.14002800840280097, 0.0, 0.0, 0.14002800840280097, 0.14002800840280097, 0.0, 0.14002800840280097, 0.0, 0.0, 0.0, 0.0, 0.14002800840280097, 0.14002800840280097, 0.0, 0.14002800840280097, 0.14002800840280097, 0.14002800840280097, 0.14002800840280097, 0.14002800840280097, 0.0, 0.14002800840280097, 0.0]
[0.13245323570650439, 0.0, 0.0, 0.13245323570650439, 0.13245323570650439, 0.13245323570650439, 0.0, 0.13245323570650439, 0.13245323570650439, 0.13245323570650439, 0.13245323570650439, 0.0, 0.0, 0.0, 0.13245323570650439, 0.0, 0.13245323570650439, 0.0, 0.0, 0.13245323570650439, 0.13245323570650439, 0.0, 0.0, 0.13245323570650439, 0.13245323570650439, 0.0, 0.13245323570650439, 0.0, 0.13245323570650439, 0.0, 0.0, 0.13245323570650439, 0.13245323570650439, 0.13245323570650439, 0.13245323570650439, 0.0, 0.13245323570650439, 0.0, 0.13245323570650439, 0.0, 0.0, 0.0, 0.0, 0.13245323570650439, 0.13245323570650439, 0.13245323570650439, 0.13245323570650439, 0.13245323570650439, 0.0, 0.13245323570650439, 0.13245323570650439, 0.13245323570650439, 0.0, 0.13245323570650439, 0.13245323570650439, 0.0, 0.13245323570650439, 0.0, 0.13245323570650439, 0.13245323570650439, 0.13245323570650439, 0.13245323570650439, 0.0, 0.13245323570650439, 0.0, 0.13245323570650439, 0.13245323570650439, 0.13245323570650439, 0.0, 0.0, 0.13245323570650439, 0.13245323570650439, 0.13245323570650439, 0.0, 0.0, 0.13245323570650439, 0.13245323570650439, 0.13245323570650439, 0.0, 0.13245323570650439, 0.13245323570650439, 0.0, 0.13245323570650439, 0.0, 0.13245323570650439, 0.0, 0.13245323570650439, 0.13245323570650439, 0.13245323570650439, 0.0, 0.13245323570650439, 0.13245323570650439, 0.0, 0.13245323570650439, 0.0]
[0.1543033499620919, 0.0, 0.0, 0.1543033499620919, 0.1543033499620919, 0.0, 0.0, 0.1543033499620919, 0.1543033499620919, 0.0, 0.0, 0.0, 0.0, 0.1543033499620919, 0.1543033499620919, 0.0, 0.0, 0.0, 0.0, 0.0, 0.0, 0.0, 0.0, 0.1543033499620919, 0.0, 0.0, 0.0, 0.1543033499620919, 0.0, 0.0, 0.1543033499620919, 0.0, 0.1543033499620919, 0.1543033499620919, 0.1543033499620919, 0.0, 0.1543033499620919, 0.0, 0.0, 0.0, 0.1543033499620919, 0.1543033499620919, 0.0, 0.1543033499620919, 0.0, 0.0, 0.1543033499620919, 0.1543033499620919, 0.0, 0.0, 0.0, 0.1543033499620919, 0.1543033499620919, 0.1543033499620919, 0.1543033499620919, 0.0, 0.1543033499620919, 0.1543033499620919, 0.1543033499620919, 0.1543033499620919, 0.1543033499620919, 0.1543033499620919, 0.0, 0.0, 0.1543033499620919, 0.0, 0.0, 0.1543033499620919, 0.0, 0.1543033499620919, 0.1543033499620919, 0.0, 0.1543033499620919, 0.0, 0.0, 0.1543033499620919, 0.0, 0.1543033499620919, 0.0, 0.0, 0.1543033499620919, 0.0, 0.0, 0.0, 0.1543033499620919, 0.0, 0.0, 0.1543033499620919, 0.0, 0.0, 0.0, 0.1543033499620919, 0.1543033499620919, 0.1543033499620919, 0.0]
[0.1643989873053573, 0.0, 0.0, 0.0, 0.0, 0.0, 0.1643989873053573, 0.0, 0.1643989873053573, 0.0, 0.1643989873053573, 0.1643989873053573, 0.0, 0.0, 0.1643989873053573, 0.0, 0.0, 0.0, 0.1643989873053573, 0.1643989873053573, 0.0, 0.0, 0.0, 0.0, 0.0, 0.0, 0.1643989873053573, 0.1643989873053573, 0.1643989873053573, 0.0, 0.1643989873053573, 0.0, 0.0, 0.0, 0.0, 0.0, 0.1643989873053573, 0.1643989873053573, 0.0, 0.0, 0.0, 0.1643989873053573, 0.0, 0.0, 0.0, 0.0, 0.1643989873053573, 0.0, 0.0, 0.0, 0.0, 0.0, 0.1643989873053573, 0.1643989873053573, 0.0, 0.0, 0.0, 0.1643989873053573, 0.1643989873053573, 0.1643989873053573, 0.1643989873053573, 0.0, 0.0, 0.1643989873053573, 0.1643989873053573, 0.1643989873053573, 0.1643989873053573, 0.0, 0.1643989873053573, 0.0, 0.1643989873053573, 0.0, 0.1643989873053573, 0.0, 0.0, 0.1643989873053573, 0.1643989873053573, 0.1643989873053573, 0.0, 0.1643989873053573, 0.0, 0.0, 0.0, 0.0, 0.0, 0.0, 0.0, 0.0, 0.1643989873053573, 0.0, 0.1643989873053573, 0.1643989873053573, 0.0, 0.1643989873053573, 0.0]
[0.0, 0.0, 0.13736056394868904, 0.13736056394868904, 0.13736056394868904, 0.13736056394868904, 0.0, 0.0, 0.0, 0.13736056394868904, 0.0, 0.0, 0.0, 0.0, 0.13736056394868904, 0.13736056394868904, 0.13736056394868904, 0.13736056394868904, 0.0, 0.0, 0.0, 0.0, 0.13736056394868904, 0.13736056394868904, 0.13736056394868904, 0.0, 0.13736056394868904, 0.0, 0.0, 0.13736056394868904, 0.13736056394868904, 0.13736056394868904, 0.13736056394868904, 0.13736056394868904, 0.13736056394868904, 0.13736056394868904, 0.13736056394868904, 0.13736056394868904, 0.13736056394868904, 0.0, 0.13736056394868904, 0.13736056394868904, 0.0, 0.13736056394868904, 0.0, 0.0, 0.0, 0.13736056394868904, 0.0, 0.0, 0.0, 0.13736056394868904, 0.13736056394868904, 0.13736056394868904, 0.0, 0.13736056394868904, 0.0, 0.13736056394868904, 0.13736056394868904, 0.13736056394868904, 0.13736056394868904, 0.0, 0.0, 0.13736056394868904, 0.0, 0.0, 0.0, 0.13736056394868904, 0.0, 0.13736056394868904, 0.13736056394868904, 0.0, 0.13736056394868904, 0.13736056394868904, 0.0, 0.13736056394868904, 0.13736056394868904, 0.0, 0.13736056394868904, 0.0, 0.0, 0.0, 0.13736056394868904, 0.0, 0.13736056394868904, 0.13736056394868904, 0.13736056394868904, 0.13736056394868904, 0.13736056394868904, 0.0, 0.13736056394868904, 0.13736056394868904, 0.0, 0.13736056394868904, 0.0]

Average number of function evaluations (over ten runs) = 35.6

Execution time = 0.9309699166666667 minutes